0 0.34089086816622627
1 0.17743935778312805
2 0.07301530774627503
3 0.041305081825012344
4 0.009581169415233078
5 0.0052136740918646675
6 0.003426826075497489
7 0.002221252088797911
8 0.0009713081967662136
9 0.00031979446476057864
10 0.00013561547017335767
11 6.053392365799031e-05
12 3.251572655277072e-05
13 1.6794388558683315e-05
14 5.993838421816677e-06
15 2.3867548698902044e-06
16 9.674396265727302e-07
17 5.720093557738856e-07
18 2.899341820434074e-07
19 1.4301933214160168e-07
20 8.379794955617691e-08
21 2.8949695521389714e-08
22 1.4794987419616503e-08
23 8.158048877324953e-09
24 3.8850726611018455e-09
25 2.196368518519859e-09
26 7.872057240976801e-10
27 4.6126499578921906e-10
28 1.7769946280276064e-10
29 1.0505123164618484e-10
30 5.78896571879266e-11
31 2.7101187358407836e-11
32 1.2634092798908553e-11
33 7.751859279257402e-12
34 3.5666010239158606e-12
35 1.593703126485842e-12
36 7.297771473753714e-13
37 3.469241763065367e-13
38 1.436928176477403e-13
39 6.94188202292023e-14
40 3.9664917378679264e-14
41 2.734851807848511e-14
42 8.067301215198485e-15
43 2.3329697215516963e-15
44 1.7288524245155217e-15
45 1.0956405207966121e-15
46 5.311692501027722e-16
47 2.4143120503608914e-16
48 1.3462844390887564e-16
49 8.518604110711115e-17
50 3.7178195290004275e-17
51 1.7437860031655435e-17
52 8.505281028413607e-18
53 4.312112982550157e-18
54 1.871332512939127e-18
55 8.721559009397929e-19
56 3.978789201059139e-19
57 1.7014920820669201e-19
58 1.0710936710793111e-19
59 4.469408498262279e-20
60 2.190836854971812e-20
61 1.1379515048436007e-20
62 4.13476720182037e-21
63 2.292691121165214e-21
64 1.286330335099743e-21
65 7.61924389692298e-22
66 3.2517299313208228e-22
67 1.8667184984913178e-22
68 6.397858298155441e-23
69 2.9206699188360825e-23
70 1.3711376977351226e-23
71 7.238914706360062e-24
72 3.5237770699455975e-24
73 1.697316977992362e-24
74 1.0238475144179669e-24
75 6.736034136670424e-25
76 3.580501848263232e-25
77 1.2046201053623841e-25
78 5.526088094914194e-26
79 3.038775709637391e-26
80 1.4314591690433984e-26
81 7.803310833193582e-27
82 3.444695544143856e-27
83 2.089264654155596e-27
84 1.2323118416898864e-27
85 6.066816488390599e-28
86 2.8612037026201706e-28
87 1.5342282325643705e-28
88 4.8537334418878854e-29
89 2.567754221282397e-29
90 8.897571824006445e-30
91 5.182934421595978e-30
92 2.705262956615261e-30
93 1.3854699632298603e-30
94 4.771361263987623e-31
95 2.22734763582912e-31
96 1.6506289397407248e-31
97 7.370186563795041e-32
98 4.0853135264196734e-32
99 1.3539156580157526e-32
100 9.44655377582034e-33
101 4.438180010220546e-33
102 3.103205194278038e-33
103 1.4096299816241241e-33
104 8.395779448939502e-34
105 2.7230664194362257e-34
106 9.356510155428481e-35
107 5.745338239501668e-35
108 3.953950982159188e-35
109 3.0216530775183956e-35
110 9.096488436711119e-36
111 3.13621877602847e-36
112 1.4647673633136194e-36
113 9.56474362669959e-37
114 6.574694528300175e-37
115 2.316520794167304e-37
116 9.109020378714812e-38
117 4.073247942819394e-38
118 2.2723006982586947e-38
119 9.102142654340836e-39
120 4.950821051475759e-39
121 2.8147970060345155e-39
122 1.1283138116922495e-39
123 5.394885308718509e-40
124 2.102371442724754e-40
125 1.324139096499348e-40
126 5.529969870994474e-41
127 2.8187175753827484e-41
128 9.687109190304103e-42
129 4.0933006657770436e-42
130 2.507591226686646e-42
131 1.113563585173758e-42
132 6.2750406513865674e-43
133 4.608898353890557e-43
134 3.0560410079211704e-43
135 1.1719397158393261e-43
136 5.235709267761157e-44
137 3.6108491883300344e-44
138 1.7641089118712486e-44
139 9.285766333171025e-45
140 3.560976472309442e-45
141 2.0597858196376562e-45
142 1.2760229568037335e-45
143 7.041290607588765e-46
144 3.3469214196702887e-46
145 1.2643034749134834e-46
146 7.521900641734999e-47
147 2.4011052611677837e-47
148 1.2941881855175253e-47
149 7.598919249646714e-48
150 4.320558277411865e-48
151 2.70803224536104e-48
152 9.383373685576985e-49
153 3.625681226451034e-49
154 1.5362973097699272e-49
155 7.063219366156367e-50
156 3.4920965360173492e-50
157 2.111922627096617e-50
158 8.023417354209666e-51
159 4.6372676010107635e-51
160 2.8353261525795664e-51
161 1.247146215396611e-51
162 5.691674447696638e-52
163 2.8377561685429228e-52
164 1.3488895730343417e-52
165 5.803300508284576e-53
166 3.245505197389954e-53
167 1.616928684880491e-53
168 7.255662307024396e-54
169 4.496825436096687e-54
170 2.948819563183403e-54
171 1.8129693040018744e-54
172 9.995559026974328e-55
173 3.06685069933491e-55
174 1.0984394414823188e-55
175 6.902675777338253e-56
176 3.713387086253624e-56
177 2.134844852819221e-56
178 9.200204564188369e-57
179 3.274148982389192e-57
180 1.7880991299969564e-57
181 1.0489402123209472e-57
182 4.82134724309024e-58
183 2.5114376793883832e-58
184 1.2281963298079785e-58
185 7.891473518799089e-59
186 3.6603575861253043e-59
187 1.9106473851512708e-59
188 9.243267184065917e-60
189 3.4123501859356615e-60
190 2.1978635472754578e-60
191 1.217325588264667e-60
192 2.97574635865289e-61
193 1.4888570682548939e-61
194 6.7309202573249276e-62
195 4.186252540458341e-62
196 1.9077939067485185e-62
197 1.0313047620158207e-62
198 6.643879109855699e-63
199 3.8664066971970156e-63
200 2.1249892169484e-63
201 9.847555126703121e-64
202 4.496766621416121e-64
203 2.9644375118043338e-64
204 1.61738794247787e-64
205 5.058423703643315e-65
206 3.007452188946376e-65
207 1.3948211885597618e-65
208 6.493419396564674e-66
209 3.8342443997611683e-66
210 2.3170396892477077e-66
211 1.256771352881691e-66
212 4.4334299002651566e-67
213 2.183327425163996e-67
214 8.365752534157096e-68
215 5.41696670084125e-68
216 3.068692311666632e-68
217 1.2048122694579395e-68
218 5.955869342858965e-69
219 3.3328689747815716e-69
220 1.983656081957312e-69
221 1.1201697290615849e-69
222 5.3182651923512806e-70
223 1.874164615362989e-70
224 9.203086785385803e-71
225 4.451215430410648e-71
226 2.9295977548866363e-71
227 1.2969926882547009e-71
228 4.768459643394313e-72
229 1.8347516124918446e-72
230 1.396843835262446e-72
231 6.637816113255204e-73
232 3.340415098909073e-73
233 1.5843454759530115e-73
234 5.686447117802036e-74
235 3.751159971188022e-74
236 2.54003361914464e-74
237 8.009906984161226e-75
238 3.8328335603001763e-75
239 1.8031003273407828e-75
240 1.2302284859803724e-75
241 5.219946048476425e-76
242 3.0554730795599903e-76
243 1.1108978230584694e-76
244 5.420871879502686e-77
245 3.1263553377909057e-77
246 1.6932924095857742e-77
247 9.682829836159167e-78
248 4.057710175744391e-78
249 2.5437405093237623e-78
250 1.8643456536694906e-78
251 8.124620248749673e-79
252 4.549127200707462e-79
253 1.421151916285678e-79
254 1.0925668033997633e-79
255 3.535343612045125e-80
256 2.319550298145204e-80
257 7.52006313059092e-81
258 6.031237778623936e-81
259 3.502710679148134e-81
260 9.861318116567057e-82
261 6.175412288835013e-82
262 4.236745805746101e-82
263 1.3448908501775578e-82
264 6.501271156092451e-83
265 3.068819787916121e-83
266 1.38307921975696e-83
267 5.040626991840489e-84
268 2.871821971110996e-84
269 1.9828385302089384e-84
270 8.370788482304977e-85
271 3.5356960758330547e-85
272 1.4471407585067427e-85
273 7.48909274591684e-86
274 4.263738333068385e-86
275 2.414775105786294e-86
276 6.8075252647293945e-87
277 3.9470070164966797e-87
278 2.3423105353194276e-87
279 1.424570883242503e-87
280 1.0402389176240717e-87
281 3.8788406603248723e-88
282 1.7210346752562288e-88
283 4.76674709532359e-89
284 2.7646972852001032e-89
285 1.6024573202341004e-89
286 4.690818640644982e-90
287 3.4980968671313377e-90
288 2.0288280452931057e-90
289 9.77479889748153e-91
290 5.540736530770873e-91
291 3.7421240502644535e-91
292 2.4483061101212783e-91
293 2.0690852657849022e-91
294 4.7106329768932316e-92
295 3.631087852554077e-92
296 9.004010517388407e-93
297 6.483533652319942e-93
298 3.0000834926075416e-93
299 1.7524279474033627e-93
300 1.0393510569097676e-93
301 5.24643149968719e-94
302 1.4225827591476323e-94
303 6.398217651383787e-95
304 2.2443975601187843e-95
305 1.672950529194204e-95
306 1.1514915775314672e-95
307 2.900568412944359e-96
308 1.8993644419141806e-96
309 9.411166275445256e-97
310 5.307507392064042e-97
311 2.602388087567502e-97
312 1.0218511544911367e-97
313 3.3821854469044707e-98
314 1.4128421616806236e-98
315 1.0910832385384049e-98
316 5.445002802713596e-99
317 3.1445390353642922e-99
318 1.0615630872195063e-99
319 6.491744739879906e-100
320 4.2997029635614866e-100
321 2.438361339643091e-100
322 6.589538351103402e-101
323 2.4347018988032142e-101
324 1.448913829921409e-101
325 7.862109815024647e-102
326 4.164985084982624e-102
327 3.154517066175722e-102
328 1.171623771804121e-102
329 5.634380335763051e-103
330 2.4772399920557174e-103
331 1.069645013933073e-103
332 6.461093846623499e-104
333 2.6938181967817406e-104
334 1.6100561698415798e-104
335 1.0877625963801903e-104
336 5.731028209556443e-105
337 4.489247645252146e-105
338 2.322195326144571e-105
339 1.6471140582360994e-105
340 3.216509132868705e-106
341 2.1554754203156424e-106
342 1.0041257110434313e-106
343 5.70927909871966e-107
344 2.98769382698209e-107
345 1.2114275934126683e-107
346 9.21961658041454e-108
347 2.39463811317249e-108
348 8.925190622969785e-109
349 4.627139449141273e-109
350 3.26330977935069e-109
351 2.0328816947898012e-109
352 1.5970286735945677e-109
353 2.929674862496624e-110
354 1.0651871438120583e-110
355 6.5158298196778585e-111
356 4.13212288420976e-111
357 1.8279653536508996e-111
358 1.1445566934514173e-111
359 7.994553902730244e-112
360 2.0956261978300145e-112
361 8.111198894703981e-113
362 4.348742004345367e-113
363 2.5714400334302672e-113
364 1.3278820320278577e-113
365 7.509790250449663e-114
366 3.54913806721617e-114
367 1.7537219467403528e-114
368 5.251713572064309e-115
369 2.192946101309305e-115
370 8.429918861022515e-116
371 3.551851822734806e-116
372 1.1838717046036858e-116
373 7.960186052233108e-117
374 5.213313983359457e-117
375 3.2528224773863714e-117
376 1.9043308756081763e-117
377 1.3147448319836403e-117
378 7.272175090740987e-118
379 4.790794050624503e-118
380 2.6374766154412566e-118
381 1.650423627024306e-118
382 9.498490819245096e-119
383 3.2607679551083766e-119
384 1.033646873600693e-119
385 5.888942671046524e-120
386 2.8111532685665008e-120
387 1.3555758406902083e-120
388 6.518659943844172e-121
389 3.737174821859799e-121
390 2.4350385143031764e-121
391 1.1661104114633365e-121
392 3.7615516776401353e-122
393 2.2666145480291856e-122
394 1.7790556206075888e-122
395 1.3445931898261838e-122
396 4.9743111870702774e-123
397 2.2430088699879673e-123
398 6.256850281889891e-124
399 3.136214044594836e-124
400 1.477050034795702e-124
401 6.372873646704142e-125
402 3.391068033960386e-125
403 2.6895082444735914e-125
404 1.2244285478049883e-125
405 5.717911701990457e-126
406 3.0509080851402985e-126
407 1.579820437983802e-126
408 6.249140088953513e-127
409 2.6880168959994646e-127
410 1.2846342442471973e-127
411 9.497678941599615e-128
412 6.198036438806941e-128
413 5.402826729501579e-128
414 8.877414769067839e-129
415 6.785163009748306e-129
416 2.3455656999360136e-129
417 1.3330236089016248e-129
418 7.427819052322222e-130
419 2.066591904353409e-130
420 1.5292755168273457e-130
421 5.197316369330066e-131
422 2.429985004260189e-131
423 1.1633532035519096e-131
424 7.419681284535164e-132
425 4.31277257383829e-132
426 2.914157303328787e-132
427 1.2181150830745292e-132
428 4.21353674645852e-133
429 2.8516629692999077e-133
430 1.2345667648966185e-133
431 7.298250155098887e-134
432 3.0249456381949466e-134
433 1.4789180819364678e-134
434 9.970509678514395e-135
435 5.633268498527775e-135
436 2.873975028161722e-135
437 1.5608391774997232e-135
438 7.974688894729569e-136
439 5.4512924187264206e-136
440 2.0137701551290446e-136
441 5.780914954005281e-137
442 2.608978419999662e-137
443 1.0908609459500891e-137
444 4.8479440016248507e-138
445 3.149827174920058e-138
446 1.355537543416572e-138
447 4.678982245853304e-139
448 2.893417826628996e-139
449 1.137868008488921e-139
450 8.152495966186002e-140
451 5.168470684503073e-140
452 2.228171597596043e-140
453 7.869016190142459e-141
454 4.336908184719289e-141
455 3.269404439261763e-141
456 1.556814751316055e-141
457 9.756940078080722e-142
458 4.433075850043223e-142
459 2.4629084337756064e-142
460 9.386795408127008e-143
461 4.073468913673118e-143
462 1.9049494546715953e-143
463 9.572495563850636e-144
464 4.616080554432218e-144
465 3.4056382614220996e-144
466 1.7233380981196475e-144
467 6.1432466113036975e-145
468 2.8688031120811497e-145
469 1.1340527872431329e-145
470 7.253818628328198e-146
471 3.712712428572922e-146
472 1.6991556588650064e-146
473 7.049278827108409e-147
474 5.385865228050198e-147
475 1.8060257866476305e-147
476 1.2473933632845027e-147
477 7.275202810920646e-148
478 3.181785206035181e-148
479 2.2920995450230352e-148
480 4.65799012736319e-149
481 3.5319678192380064e-149
482 2.3096082168196863e-149
483 9.710151356413931e-150
484 2.93488297939983e-150
485 1.6580002741141602e-150
486 8.614872996705759e-151
487 4.5127440814906246e-151
488 2.651964464143328e-151
489 1.0594669598240078e-151
490 5.9411912456611605e-152
491 3.213934191891699e-152
492 1.932432479492016e-152
493 9.387444281440771e-153
494 5.30667061474891e-153
495 3.459758161637517e-153
496 1.407066955417326e-153
497 5.7643703511361846e-154
498 1.720064485755028e-154
499 7.664822986619327e-155
500 3.940841915541122e-155
501 2.194247800068967e-155
502 1.1489268017259971e-155
503 4.72878772312012e-156
504 1.9430192868119365e-156
505 1.2718564524017776e-156
506 9.772089410599707e-157
507 3.662995782615747e-157
508 1.900079346796666e-157
509 1.262445411818428e-157
510 5.76217249118858e-158
511 2.269763354759824e-158
512 1.1457092790636063e-158
513 5.328400387313251e-159
514 2.1480794048066387e-159
515 1.0379018381429163e-159
516 5.96228107065054e-160
517 3.677607366405918e-160
518 1.4511775148480477e-160
519 9.537311169687009e-161
520 6.730537935790165e-161
521 4.595894906400435e-161
522 3.578596562456758e-161
523 2.656551844934204e-161
524 1.1119407674527581e-161
525 5.627212163577965e-162
526 2.525253929668985e-162
527 7.589184224090368e-163
528 5.061183995547797e-163
529 2.0719310597953125e-163
530 5.369330763406277e-164
531 3.4566832201466976e-164
532 2.79566271773878e-164
533 1.84076380353109e-164
534 5.132741818601874e-165
535 1.6977730995224122e-165
536 9.916532569738265e-166
537 2.3091408956196093e-166
538 1.6261879199897693e-166
539 4.796812711022921e-167
540 3.064602679824001e-167
541 1.941120712713074e-167
542 1.217430819853474e-167
543 3.9493486441047927e-168
544 2.2771460847450238e-168
545 1.2506886455033267e-168
546 6.325810208758712e-169
547 4.473884925354537e-169
548 2.0801777574930407e-169
549 1.4259125112883068e-169
550 4.454721075524912e-170
551 3.826884812134287e-170
552 9.50652812973522e-171
553 6.153095724921902e-171
554 4.524020006584057e-171
555 2.5533510346222987e-171
556 8.346243199360861e-172
557 6.549299293621213e-172
558 4.724907539378816e-172
559 1.546800623101267e-172
560 6.090948648739789e-173
561 1.2683810766214644e-173
562 7.816010345660891e-174
563 3.5292856246943336e-174
564 1.8707263883016504e-174
565 7.57063597909035e-175
566 4.6978063538060456e-175
567 2.3366860637980155e-175
568 7.991510780189026e-176
569 3.498174130649928e-176
570 2.4208835389452733e-176
571 8.000949730853043e-177
572 3.8372118144963685e-177
573 2.4944493282478043e-177
574 1.9687304150646747e-177
575 1.1235940137931834e-177
576 3.694906641030196e-178
577 2.1479212632430888e-178
578 8.552150078621104e-179
579 3.67755185348131e-179
580 1.9892885592369143e-179
581 1.221982646885761e-179
582 5.3907404317704465e-180
583 3.774081999696464e-180
584 1.8190971173916345e-180
585 5.507048940157252e-181
586 3.9646087952975255e-181
587 2.321220036170896e-181
588 1.2971847534350872e-181
589 7.505658142045736e-182
590 6.319657220714981e-182
591 1.8775836240795466e-182
592 9.325556804453544e-183
593 5.5578132126831466e-183
594 3.150579344845354e-183
595 1.4194317657444434e-183
596 5.26520779252601e-184
597 2.5470653813673006e-184
598 8.594716142614946e-185
599 4.098881435703e-185
600 2.8171341173956415e-185
601 2.1342894803180065e-185
602 1.2026756773729668e-185
603 1.2973370048800634e-186
604 1.1277616355024883e-186
605 4.654536099651629e-187
606 1.616705481156307e-187
607 1.099035320575704e-187
608 7.486153255019908e-188
609 3.11837429209964e-188
610 1.1557436907873868e-188
611 9.38096882899645e-189
612 7.0798008366272595e-189
613 3.0163598095535953e-189
614 1.995325044704455e-189
615 9.549404231931072e-190
616 3.7663230154148777e-190
617 2.2898929034486233e-190
618 1.4258594038387245e-190
619 6.777886265930522e-191
620 4.9618316626717805e-191
621 1.4451064362256954e-191
622 7.370727017747354e-192
623 3.504714033305202e-192
624 1.3128137164691972e-192
625 7.029482191714306e-193
626 4.508620801452354e-193
627 2.394225557770958e-193
628 9.225208915892603e-194
629 4.3354718243408885e-194
630 2.2360507756291574e-194
631 7.09646255458834e-195
632 2.882692539857613e-195
633 1.768875386103491e-195
634 7.975101801629477e-196
635 6.139445611168013e-196
636 4.095682333057393e-196
637 2.5589941857628904e-196
638 1.0742797496717559e-196
639 4.5867060669960935e-197
640 1.9352622062461707e-197
641 1.0431571281359493e-197
642 3.103457120172696e-198
643 1.995522052644412e-198
644 7.95266221005456e-199
645 5.002532506731319e-199
646 1.7576489933726736e-199
647 9.897162414564709e-200
648 7.084348915298675e-200
649 2.158266782047054e-200
650 7.861463815334335e-201
651 5.7413378344767295e-201
652 2.768655852682596e-201
653 1.5440068804869316e-201
654 8.984259997184757e-202
655 2.963203465554782e-202
656 2.1371418727685564e-202
657 9.682244904932257e-203
658 7.030245924474543e-203
659 1.931589304557317e-203
660 1.254946657561867e-203
661 8.14322473757679e-204
662 2.1596721477973723e-204
663 1.511286838225358e-204
664 7.71925669584953e-205
665 4.273344610501031e-205
666 1.8298794012440485e-205
667 1.003039742629362e-205
668 4.614047820224976e-206
669 2.2239538941892986e-206
670 1.2292430741017648e-206
671 4.232190200590617e-207
672 3.5911067508251966e-207
673 2.1125091865234418e-207
674 6.566292548209351e-208
675 2.963518478973936e-208
676 1.4930774680651419e-208
677 7.660454098056342e-209
678 6.240133209741387e-209
679 4.237896774379344e-209
680 2.0146488353728686e-209
681 6.879925017592856e-210
682 4.115979615846217e-210
683 1.8453385363825872e-210
684 8.012585367698173e-211
685 3.6954496121019363e-211
686 1.407139257640402e-211
687 1.0702437720507749e-211
688 4.785751602785903e-212
689 1.85319374641639e-212
690 6.592892330569385e-213
691 3.3321853406714675e-213
692 1.690457749868137e-213
693 1.1004782133256598e-213
694 6.668253994185516e-214
695 3.0878117384329914e-214
696 1.1799946389125978e-214
697 5.251622027161215e-215
698 3.3935695321608875e-215
699 1.834823072986496e-215
700 8.940881053914473e-216
701 5.5152666084290096e-216
702 3.7582438681665505e-216
703 1.8377880981318875e-216
704 6.560619556089542e-217
705 3.1893472744255183e-217
706 2.0928963553481366e-217
707 8.41518259449219e-218
708 5.086818758151597e-218
709 1.3520373243763558e-218
710 5.058593122876225e-219
711 2.9825848239281124e-219
712 1.3447000785192631e-219
713 1.0526429634853965e-219
714 3.5213171147713883e-220
715 2.061819791545936e-220
716 1.2256412663325068e-220
717 3.3305723241877855e-221
718 1.4979983760021608e-221
719 8.457027237177965e-222
720 6.494458074793269e-222
721 4.0784757383714594e-222
722 2.3993104701491712e-222
723 1.6940911646074355e-222
724 2.8900408374412228e-223
725 1.4192168329181247e-223
726 1.0797854341755063e-223
727 3.5148550042463198e-224
728 2.8711630259284425e-224
729 1.6550680972636674e-224
730 1.0228542073515242e-224
731 3.090393898317349e-225
732 1.5652419836885244e-225
733 7.97352422411523e-226
734 5.769905470341888e-226
735 2.0061386269581184e-226
736 1.0356350332783377e-226
737 5.579902810656767e-227
738 2.745555028036642e-227
739 1.3948712450065972e-227
740 1.1393947041950226e-227
741 4.1494027504119125e-228
742 3.085225659861768e-228
743 1.5009782950622194e-228
744 7.018951803474092e-229
745 2.603148456440383e-229
746 2.177607872369238e-229
747 1.0407492841303448e-229
748 2.742508526044194e-230
749 1.0376561298531849e-230
750 6.728113046925404e-231
751 2.0356368733536376e-231
752 1.2882924713199868e-231
753 8.246244113320945e-232
754 7.092239522718263e-232
755 5.648633058963795e-232
756 2.821409674830298e-232
757 2.7567905347039582e-232
758 8.801685635388065e-233
759 1.121333937648702e-233
760 9.034338024620325e-234
761 1.471193287435729e-234
762 3.29846533074374e-235
763 1.823358923918311e-235
764 1.444773844782433e-235
765 1.0943819770913389e-235
766 5.3325648421497364e-236
767 3.2139608713823636e-236
768 1.3903115494829576e-236
769 5.965912409325105e-237
770 3.085228337770931e-237
771 2.2766881066933037e-237
772 1.460776157013043e-237
773 7.527348171875101e-238
774 4.858242784889431e-238
775 1.927959958609093e-238
776 5.649481307730942e-239
777 3.7099476025284062e-239
778 2.0316504233376797e-239
779 1.0669783339454317e-239
780 3.6091097916365825e-240
781 1.5438119989297258e-240
782 1.0767272600700089e-240
783 6.802528723886565e-241
784 3.2364154417729386e-241
785 2.0975106749068e-241
786 9.680706654542777e-242
787 6.105455398260813e-242
788 2.3453244034580227e-242
789 2.01211365515813e-242
790 6.89968692281483e-243
791 2.968141427981513e-243
792 2.1896132103613071e-243
793 1.918548066504411e-243
794 1.0578279429301933e-243
795 2.1778082145868654e-244
796 7.172548231786289e-245
797 3.042494829833716e-245
798 2.069694808702334e-245
799 1.2885461926135382e-245
800 9.388240074930016e-246
801 3.708100180362191e-246
802 3.086755645958571e-246
803 1.354895437985745e-246
804 2.2660796797765046e-247
805 1.2687233949121779e-247
806 9.20674311917486e-248
807 3.1445083691842544e-248
808 1.5341590558719646e-248
809 9.813422122725546e-249
810 5.177768906904459e-249
811 2.8474286849104453e-249
812 2.489411543475485e-249
813 8.181069015256195e-250
814 4.6915067308329114e-250
815 2.5596840927525337e-250
816 2.078990172711365e-250
817 1.2753009871211172e-250
818 4.870201975547304e-251
819 1.7257306988975507e-251
820 4.661957317220224e-252
821 1.9895062030988142e-252
822 1.6753674848129788e-252
823 8.884545982956177e-253
824 4.257928459637977e-253
825 2.5231586916627884e-253
826 8.985492265603175e-254
827 3.3993429262122066e-254
828 1.7553243963688727e-254
829 1.1689231092965889e-254
830 8.425571779380934e-255
831 7.42747116706606e-255
832 2.367605512226034e-255
833 1.9912065264896675e-255
834 6.86133922397153e-256
835 3.705407764989556e-256
836 2.455969499855737e-256
837 8.456016862397632e-257
838 2.7904074958552113e-257
839 1.035235801419147e-257
840 3.4213476644167317e-258
841 2.742565201101353e-258
842 1.0018136981920022e-258
843 7.619413976318731e-259
844 5.507954663442485e-259
845 1.1112439962838807e-259
846 9.61998906161083e-260
847 6.391632830878504e-260
848 2.3981664602367694e-260
849 2.2537317752356334e-260
850 1.0999044213314639e-260
851 1.8644279589168286e-261
852 1.0399200037942383e-261
853 4.8636670258595434e-262
854 3.2851086249809935e-262
855 1.4027986110055517e-262
856 1.0659629916755587e-262
857 4.039615609615551e-263
858 1.646099211149602e-263
859 1.1075144660850396e-263
860 9.070219574500296e-264
861 1.875089561374042e-264
862 8.549141321894488e-265
863 4.111256264036935e-265
864 1.8095142990506686e-265
865 1.0548003338062746e-265
866 6.510384664161319e-266
867 3.1069285570620945e-266
868 2.484595557015391e-266
869 1.963817885709866e-266
870 1.0472308218498993e-266
871 9.099661083545985e-268
872 7.428935554705504e-268
873 4.479682128196328e-268
874 1.4888933635485296e-268
875 1.1219375446904156e-268
876 5.584527057976292e-269
877 3.761803648512656e-269
878 2.1895325670614106e-269
879 9.539932348972909e-270
880 4.783926084354153e-270
881 1.1858974688313756e-270
882 6.68040302934741e-271
883 4.2134106098746834e-271
884 1.6770327904781027e-271
885 9.13911749104663e-272
886 5.12162989564647e-272
887 3.3548184682708534e-272
888 1.0810880465741156e-272
889 3.1869922451523458e-273
890 2.3493394697242987e-273
891 1.864256796930999e-273
892 8.107800966682488e-274
893 4.315669414739081e-274
894 1.8898180541195908e-274
895 5.983922937512049e-275
896 4.5071538474821624e-275
897 3.834186566187571e-275
898 1.3595753032416088e-275
899 6.064304974796946e-276
900 2.223915774673108e-276
901 1.865251299224889e-276
902 9.110701289684186e-277
903 2.1320517369407342e-277
904 7.296752223179009e-278
905 4.174126787014165e-278
906 1.4939273955439466e-278
907 9.136257135712714e-279
908 6.126569256942069e-279
909 3.984645304019094e-279
910 2.4635539818342143e-279
911 1.1597845560161783e-279
912 6.196002705142189e-280
913 4.076614626497674e-280
914 2.2855162354412453e-280
915 9.363019576758908e-281
916 5.5572888309812e-281
917 2.0051037178437103e-281
918 1.4077391897379234e-281
919 5.9739191752141425e-282
920 1.5890839187031124e-282
921 8.4734478238347995e-283
922 2.162330806692388e-283
923 1.801439112975266e-283
924 1.3016356097897958e-283
925 5.465024317102299e-284
926 1.923156151766854e-284
927 1.5016275108980676e-284
928 1.0118606318675797e-284
929 6.938936916578018e-285
930 3.120851612533815e-285
931 1.1445100263459894e-285
932 4.29187433618694e-286
933 2.0714201131389572e-286
934 1.3787029580810525e-286
935 7.86470326207015e-287
936 2.6825596329942604e-287
937 1.1973465169370935e-287
938 4.24349287758231e-288
939 1.5749478480395955e-288
940 9.657765460790777e-289
941 5.892566869250841e-289
942 2.8514057332648367e-289
943 1.8216511502258925e-289
944 1.1559335665959863e-289
945 6.797058458280482e-290
946 2.1752342143278542e-290
947 7.042806652379383e-291
948 2.7982870205986e-291
949 2.328962330138512e-291
950 1.1607181719273861e-291
951 9.276711050239666e-292
952 2.075356584958013e-292
953 5.883433500914189e-293
954 2.5398662310115186e-293
955 2.3250689425792064e-293
956 1.585712059882159e-293
957 1.0648157042218953e-293
958 8.570551428813366e-294
959 3.72368478271968e-294
960 1.5633554972079315e-294
961 5.362059355193328e-295
962 3.7471253063792156e-295
963 1.7409245083245186e-295
964 1.0241737294156016e-295
965 4.5350174869368767e-296
966 2.3621060357207022e-296
967 1.1264430965378782e-296
968 3.12451846359731e-297
969 1.1861823031031426e-297
970 7.796669995241911e-298
971 3.8188097256777872e-298
972 1.249393837717079e-298
973 8.90467953765491e-299
974 6.578086442454769e-299
975 3.202773845796095e-299
976 9.401888139820078e-300
977 5.618915596700178e-300
978 3.364806141864639e-300
979 1.8341552459887956e-300
980 7.029025292789572e-301
981 2.6983535450190743e-301
982 1.7411833181226883e-301
983 4.887337893878043e-302
984 3.672760953218648e-302
985 2.6165751054915355e-302
986 1.3290872097301375e-302
987 4.9574410469017834e-303
988 3.90621379698924e-303
989 2.7993838424967447e-303
990 1.6978346634408947e-303
991 8.24999073034064e-304
992 2.9134202360029733e-304
993 1.1632466397388674e-304
994 6.351398262140865e-305
995 4.242920396576273e-305
996 2.705939753571946e-305
997 4.620105137381643e-306
998 3.508461634486719e-306
999 1.1536540387861115e-306
1000 6.15803309093894e-307
1001 3.3273798970134797e-307
1002 2.1251836731457175e-307
1003 1.6441787630654801e-307
1004 8.615797873422248e-308
1005 3.998450256889724e-308
1006 2.606281298588542e-308
1007 1.7020014928264443e-308
1008 8.785343279205404e-309
1009 4.225933740047413e-309
1010 3.686735882922345e-309
1011 3.95796605738586e-310
1012 2.6131364628622e-310
1013 2.30616586135487e-310
1014 1.01297749032814e-310
1015 6.0989031934093e-311
1016 4.997533993384e-311
1017 1.314421941536e-311
1018 5.543835908167e-312
1019 4.07168517255e-312
1020 2.52184929489e-312
1021 9.51486644136e-313
1022 5.3835394871e-313
1023 1.45826000347e-313
1024 3.400043056e-314
1025 1.8751538814e-314
1026 1.1470983134e-314
1027 9.22277193e-315
1028 3.36702804e-315
1029 1.94877125e-315
1030 1.64833363e-315
1031 7.005038e-316
1032 3.57571943e-316
1033 1.3729176e-316
1034 4.021078e-317
1035 3.232368e-317
1036 7.335734e-318
1037 5.88988e-318
1038 2.69151e-318
1039 1.27717e-318
1040 6.1153e-319
1041 3.80747e-319
1042 8.8685e-320
1043 5.185e-320
1044 2.553e-320
1045 2.0494e-320
1046 1.489e-320
1047 2.836e-321
1048 1.73e-321
1049 1.41e-321
1050 5.5e-322
1051 4.1e-322
1052 2.27e-322
1053 6.4e-323
1054 3.5e-323
1055 5e-324
1056 5e-324
1057 0.0
1058 0.0
1059 0.0
1060 0.0
1061 0.0
1062 0.0
1063 0.0
1064 0.0
1065 0.0
1066 0.0
1067 0.0
1068 0.0
1069 0.0
1070 0.0
1071 0.0
1072 0.0
1073 0.0
1074 0.0
1075 0.0
1076 0.0
1077 0.0
1078 0.0
1079 0.0
1080 0.0
1081 0.0
1082 0.0
1083 0.0
1084 0.0
1085 0.0
1086 0.0
1087 0.0
1088 0.0
1089 0.0
1090 0.0
1091 0.0
1092 0.0
1093 0.0
1094 0.0
1095 0.0
1096 0.0
1097 0.0
1098 0.0
1099 0.0
1100 0.0
1101 0.0
1102 0.0
1103 0.0
1104 0.0
1105 0.0
1106 0.0
1107 0.0
1108 0.0
1109 0.0
1110 0.0
1111 0.0
1112 0.0
1113 0.0
1114 0.0
1115 0.0
1116 0.0
1117 0.0
1118 0.0
1119 0.0
1120 0.0
1121 0.0
1122 0.0
1123 0.0
1124 0.0
1125 0.0
1126 0.0
1127 0.0
1128 0.0
1129 0.0
1130 0.0
1131 0.0
1132 0.0
1133 0.0
1134 0.0
1135 0.0
1136 0.0
1137 0.0
1138 0.0
1139 0.0
1140 0.0
1141 0.0
1142 0.0
1143 0.0
1144 0.0
1145 0.0
1146 0.0
1147 0.0
1148 0.0
1149 0.0
1150 0.0
1151 0.0
1152 0.0
1153 0.0
1154 0.0
1155 0.0
1156 0.0
1157 0.0
1158 0.0
1159 0.0
1160 0.0
1161 0.0
1162 0.0
1163 0.0
1164 0.0
1165 0.0
1166 0.0
1167 0.0
1168 0.0
1169 0.0
1170 0.0
1171 0.0
1172 0.0
1173 0.0
1174 0.0
1175 0.0
1176 0.0
1177 0.0
1178 0.0
1179 0.0
1180 0.0
1181 0.0
1182 0.0
1183 0.0
1184 0.0
1185 0.0
1186 0.0
1187 0.0
1188 0.0
1189 0.0
1190 0.0
1191 0.0
1192 0.0
1193 0.0
1194 0.0
1195 0.0
1196 0.0
1197 0.0
1198 0.0
1199 0.0
1200 0.0
1201 0.0
1202 0.0
1203 0.0
1204 0.0
1205 0.0
1206 0.0
1207 0.0
1208 0.0
1209 0.0
1210 0.0
1211 0.0
1212 0.0
1213 0.0
1214 0.0
1215 0.0
1216 0.0
1217 0.0
1218 0.0
1219 0.0
1220 0.0
1221 0.0
1222 0.0
1223 0.0
1224 0.0
1225 0.0
1226 0.0
1227 0.0
1228 0.0
1229 0.0
1230 0.0
1231 0.0
1232 0.0
1233 0.0
1234 0.0
1235 0.0
1236 0.0
1237 0.0
1238 0.0
1239 0.0
1240 0.0
1241 0.0
1242 0.0
1243 0.0
1244 0.0
1245 0.0
1246 0.0
1247 0.0
1248 0.0
1249 0.0
1250 0.0
1251 0.0
1252 0.0
1253 0.0
1254 0.0
1255 0.0
1256 0.0
1257 0.0
1258 0.0
1259 0.0
1260 0.0
1261 0.0
1262 0.0
1263 0.0
1264 0.0
1265 0.0
1266 0.0
1267 0.0
1268 0.0
1269 0.0
1270 0.0
1271 0.0
1272 0.0
1273 0.0
1274 0.0
1275 0.0
1276 0.0
1277 0.0
1278 0.0
1279 0.0
1280 0.0
1281 0.0
1282 0.0
1283 0.0
1284 0.0
1285 0.0
1286 0.0
1287 0.0
1288 0.0
1289 0.0
1290 0.0
1291 0.0
1292 0.0
1293 0.0
1294 0.0
1295 0.0
1296 0.0
1297 0.0
1298 0.0
1299 0.0
1300 0.0
1301 0.0
1302 0.0
1303 0.0
1304 0.0
1305 0.0
1306 0.0
1307 0.0
1308 0.0
1309 0.0
1310 0.0
1311 0.0
1312 0.0
1313 0.0
1314 0.0
1315 0.0
1316 0.0
1317 0.0
1318 0.0
1319 0.0
1320 0.0
1321 0.0
1322 0.0
1323 0.0
1324 0.0
1325 0.0
1326 0.0
1327 0.0
1328 0.0
1329 0.0
1330 0.0
1331 0.0
1332 0.0
1333 0.0
1334 0.0
1335 0.0
1336 0.0
1337 0.0
1338 0.0
1339 0.0
1340 0.0
1341 0.0
1342 0.0
1343 0.0
1344 0.0
1345 0.0
1346 0.0
1347 0.0
1348 0.0
1349 0.0
1350 0.0
1351 0.0
1352 0.0
1353 0.0
1354 0.0
1355 0.0
1356 0.0
1357 0.0
1358 0.0
1359 0.0
1360 0.0
1361 0.0
1362 0.0
1363 0.0
1364 0.0
1365 0.0
1366 0.0
1367 0.0
1368 0.0
1369 0.0
1370 0.0
1371 0.0
1372 0.0
1373 0.0
1374 0.0
1375 0.0
1376 0.0
1377 0.0
1378 0.0
1379 0.0
1380 0.0
1381 0.0
1382 0.0
1383 0.0
1384 0.0
1385 0.0
1386 0.0
1387 0.0
1388 0.0
1389 0.0
1390 0.0
1391 0.0
1392 0.0
1393 0.0
1394 0.0
1395 0.0
1396 0.0
1397 0.0
1398 0.0
1399 0.0
1400 0.0
1401 0.0
1402 0.0
1403 0.0
1404 0.0
1405 0.0
1406 0.0
1407 0.0
1408 0.0
1409 0.0
1410 0.0
1411 0.0
1412 0.0
1413 0.0
1414 0.0
1415 0.0
1416 0.0
1417 0.0
1418 0.0
1419 0.0
1420 0.0
1421 0.0
1422 0.0
1423 0.0
1424 0.0
1425 0.0
1426 0.0
1427 0.0
1428 0.0
1429 0.0
1430 0.0
1431 0.0
1432 0.0
1433 0.0
1434 0.0
1435 0.0
1436 0.0
1437 0.0
1438 0.0
1439 0.0
1440 0.0
1441 0.0
1442 0.0
1443 0.0
1444 0.0
1445 0.0
1446 0.0
1447 0.0
1448 0.0
1449 0.0
1450 0.0
1451 0.0
1452 0.0
1453 0.0
1454 0.0
1455 0.0
1456 0.0
1457 0.0
1458 0.0
1459 0.0
1460 0.0
1461 0.0
1462 0.0
1463 0.0
1464 0.0
1465 0.0
1466 0.0
1467 0.0
1468 0.0
1469 0.0
1470 0.0
1471 0.0
1472 0.0
1473 0.0
1474 0.0
1475 0.0
1476 0.0
1477 0.0
1478 0.0
1479 0.0
1480 0.0
1481 0.0
1482 0.0
1483 0.0
1484 0.0
1485 0.0
1486 0.0
1487 0.0
1488 0.0
1489 0.0
1490 0.0
1491 0.0
1492 0.0
1493 0.0
1494 0.0
1495 0.0
1496 0.0
1497 0.0
1498 0.0
1499 0.0
1500 0.0
1501 0.0
1502 0.0
1503 0.0
1504 0.0
1505 0.0
1506 0.0
1507 0.0
1508 0.0
1509 0.0
1510 0.0
1511 0.0
1512 0.0
1513 0.0
1514 0.0
1515 0.0
1516 0.0
1517 0.0
1518 0.0
1519 0.0
1520 0.0
1521 0.0
1522 0.0
1523 0.0
1524 0.0
1525 0.0
1526 0.0
1527 0.0
1528 0.0
1529 0.0
1530 0.0
1531 0.0
1532 0.0
1533 0.0
1534 0.0
1535 0.0
1536 0.0
1537 0.0
1538 0.0
1539 0.0
1540 0.0
1541 0.0
1542 0.0
1543 0.0
1544 0.0
1545 0.0
1546 0.0
1547 0.0
1548 0.0
1549 0.0
1550 0.0
1551 0.0
1552 0.0
1553 0.0
1554 0.0
1555 0.0
1556 0.0
1557 0.0
1558 0.0
1559 0.0
1560 0.0
1561 0.0
1562 0.0
1563 0.0
1564 0.0
1565 0.0
1566 0.0
1567 0.0
1568 0.0
1569 0.0
1570 0.0
1571 0.0
1572 0.0
1573 0.0
1574 0.0
1575 0.0
1576 0.0
1577 0.0
1578 0.0
1579 0.0
1580 0.0
1581 0.0
1582 0.0
1583 0.0
1584 0.0
1585 0.0
1586 0.0
1587 0.0
1588 0.0
1589 0.0
1590 0.0
1591 0.0
1592 0.0
1593 0.0
1594 0.0
1595 0.0
1596 0.0
1597 0.0
1598 0.0
1599 0.0
1600 0.0
1601 0.0
1602 0.0
1603 0.0
1604 0.0
1605 0.0
1606 0.0
1607 0.0
1608 0.0
1609 0.0
1610 0.0
1611 0.0
1612 0.0
1613 0.0
1614 0.0
1615 0.0
1616 0.0
1617 0.0
1618 0.0
1619 0.0
1620 0.0
1621 0.0
1622 0.0
1623 0.0
1624 0.0
1625 0.0
1626 0.0
1627 0.0
1628 0.0
1629 0.0
1630 0.0
1631 0.0
1632 0.0
1633 0.0
1634 0.0
1635 0.0
1636 0.0
1637 0.0
1638 0.0
1639 0.0
1640 0.0
1641 0.0
1642 0.0
1643 0.0
1644 0.0
1645 0.0
1646 0.0
1647 0.0
1648 0.0
1649 0.0
1650 0.0
1651 0.0
1652 0.0
1653 0.0
1654 0.0
1655 0.0
1656 0.0
1657 0.0
1658 0.0
1659 0.0
1660 0.0
1661 0.0
1662 0.0
1663 0.0
1664 0.0
1665 0.0
1666 0.0
1667 0.0
1668 0.0
1669 0.0
1670 0.0
1671 0.0
1672 0.0
1673 0.0
1674 0.0
1675 0.0
1676 0.0
1677 0.0
1678 0.0
1679 0.0
1680 0.0
1681 0.0
1682 0.0
1683 0.0
1684 0.0
1685 0.0
1686 0.0
1687 0.0
1688 0.0
1689 0.0
1690 0.0
1691 0.0
1692 0.0
1693 0.0
1694 0.0
1695 0.0
1696 0.0
1697 0.0
1698 0.0
1699 0.0
1700 0.0
1701 0.0
1702 0.0
1703 0.0
1704 0.0
1705 0.0
1706 0.0
1707 0.0
1708 0.0
1709 0.0
1710 0.0
1711 0.0
1712 0.0
1713 0.0
1714 0.0
1715 0.0
1716 0.0
1717 0.0
1718 0.0
1719 0.0
1720 0.0
1721 0.0
1722 0.0
1723 0.0
1724 0.0
1725 0.0
1726 0.0
1727 0.0
1728 0.0
1729 0.0
1730 0.0
1731 0.0
1732 0.0
1733 0.0
1734 0.0
1735 0.0
1736 0.0
1737 0.0
1738 0.0
1739 0.0
1740 0.0
1741 0.0
1742 0.0
1743 0.0
1744 0.0
1745 0.0
1746 0.0
1747 0.0
1748 0.0
1749 0.0
1750 0.0
1751 0.0
1752 0.0
1753 0.0
1754 0.0
1755 0.0
1756 0.0
1757 0.0
1758 0.0
1759 0.0
1760 0.0
1761 0.0
1762 0.0
1763 0.0
1764 0.0
1765 0.0
1766 0.0
1767 0.0
1768 0.0
1769 0.0
1770 0.0
1771 0.0
1772 0.0
1773 0.0
1774 0.0
1775 0.0
1776 0.0
1777 0.0
1778 0.0
1779 0.0
1780 0.0
1781 0.0
1782 0.0
1783 0.0
1784 0.0
1785 0.0
1786 0.0
1787 0.0
1788 0.0
1789 0.0
1790 0.0
1791 0.0
1792 0.0
1793 0.0
1794 0.0
1795 0.0
1796 0.0
1797 0.0
1798 0.0
1799 0.0
1800 0.0
1801 0.0
1802 0.0
1803 0.0
1804 0.0
1805 0.0
1806 0.0
1807 0.0
1808 0.0
1809 0.0
1810 0.0
1811 0.0
1812 0.0
1813 0.0
1814 0.0
1815 0.0
1816 0.0
1817 0.0
1818 0.0
1819 0.0
1820 0.0
1821 0.0
1822 0.0
1823 0.0
1824 0.0
1825 0.0
1826 0.0
1827 0.0
1828 0.0
1829 0.0
1830 0.0
1831 0.0
1832 0.0
1833 0.0
1834 0.0
1835 0.0
1836 0.0
1837 0.0
1838 0.0
1839 0.0
1840 0.0
1841 0.0
1842 0.0
1843 0.0
1844 0.0
1845 0.0
1846 0.0
1847 0.0
1848 0.0
1849 0.0
1850 0.0
1851 0.0
1852 0.0
1853 0.0
1854 0.0
1855 0.0
1856 0.0
1857 0.0
1858 0.0
1859 0.0
1860 0.0
1861 0.0
1862 0.0
1863 0.0
1864 0.0
1865 0.0
1866 0.0
1867 0.0
1868 0.0
1869 0.0
1870 0.0
1871 0.0
1872 0.0
1873 0.0
1874 0.0
1875 0.0
1876 0.0
1877 0.0
1878 0.0
1879 0.0
1880 0.0
1881 0.0
1882 0.0
1883 0.0
1884 0.0
1885 0.0
1886 0.0
1887 0.0
1888 0.0
1889 0.0
1890 0.0
1891 0.0
1892 0.0
1893 0.0
1894 0.0
1895 0.0
1896 0.0
1897 0.0
1898 0.0
1899 0.0
1900 0.0
1901 0.0
1902 0.0
1903 0.0
1904 0.0
1905 0.0
1906 0.0
1907 0.0
1908 0.0
1909 0.0
1910 0.0
1911 0.0
1912 0.0
1913 0.0
1914 0.0
1915 0.0
1916 0.0
1917 0.0
1918 0.0
1919 0.0
1920 0.0
1921 0.0
1922 0.0
1923 0.0
1924 0.0
1925 0.0
1926 0.0
1927 0.0
1928 0.0
1929 0.0
1930 0.0
1931 0.0
1932 0.0
1933 0.0
1934 0.0
1935 0.0
1936 0.0
1937 0.0
1938 0.0
1939 0.0
1940 0.0
1941 0.0
1942 0.0
1943 0.0
1944 0.0
1945 0.0
1946 0.0
1947 0.0
1948 0.0
1949 0.0
1950 0.0
1951 0.0
1952 0.0
1953 0.0
1954 0.0
1955 0.0
1956 0.0
1957 0.0
1958 0.0
1959 0.0
1960 0.0
1961 0.0
1962 0.0
1963 0.0
1964 0.0
1965 0.0
1966 0.0
1967 0.0
1968 0.0
1969 0.0
1970 0.0
1971 0.0
1972 0.0
1973 0.0
1974 0.0
1975 0.0
1976 0.0
1977 0.0
1978 0.0
1979 0.0
1980 0.0
1981 0.0
1982 0.0
1983 0.0
1984 0.0
1985 0.0
1986 0.0
1987 0.0
1988 0.0
1989 0.0
1990 0.0
1991 0.0
1992 0.0
1993 0.0
1994 0.0
1995 0.0
1996 0.0
1997 0.0
1998 0.0
1999 0.0
2000 0.0
2001 0.0
2002 0.0
2003 0.0
2004 0.0
2005 0.0
2006 0.0
2007 0.0
2008 0.0
2009 0.0
2010 0.0
2011 0.0
2012 0.0
2013 0.0
2014 0.0
2015 0.0
2016 0.0
2017 0.0
2018 0.0
2019 0.0
2020 0.0
2021 0.0
2022 0.0
2023 0.0
2024 0.0
2025 0.0
2026 0.0
2027 0.0
2028 0.0
2029 0.0
2030 0.0
2031 0.0
2032 0.0
2033 0.0
2034 0.0
2035 0.0
2036 0.0
2037 0.0
2038 0.0
2039 0.0
2040 0.0
2041 0.0
2042 0.0
2043 0.0
2044 0.0
2045 0.0
2046 0.0
2047 0.0
2048 0.0
2049 0.0
2050 0.0
2051 0.0
2052 0.0
2053 0.0
2054 0.0
2055 0.0
2056 0.0
2057 0.0
2058 0.0
2059 0.0
2060 0.0
2061 0.0
2062 0.0
2063 0.0
2064 0.0
2065 0.0
2066 0.0
2067 0.0
2068 0.0
2069 0.0
2070 0.0
2071 0.0
2072 0.0
2073 0.0
2074 0.0
2075 0.0
2076 0.0
2077 0.0
2078 0.0
2079 0.0
2080 0.0
2081 0.0
2082 0.0
2083 0.0
2084 0.0
2085 0.0
2086 0.0
2087 0.0
2088 0.0
2089 0.0
2090 0.0
2091 0.0
2092 0.0
2093 0.0
2094 0.0
2095 0.0
2096 0.0
2097 0.0
2098 0.0
2099 0.0
2100 0.0
2101 0.0
2102 0.0
2103 0.0
2104 0.0
2105 0.0
2106 0.0
2107 0.0
2108 0.0
2109 0.0
2110 0.0
2111 0.0
2112 0.0
2113 0.0
2114 0.0
2115 0.0
2116 0.0
2117 0.0
2118 0.0
2119 0.0
2120 0.0
2121 0.0
2122 0.0
2123 0.0
2124 0.0
2125 0.0
2126 0.0
2127 0.0
2128 0.0
2129 0.0
2130 0.0
2131 0.0
2132 0.0
2133 0.0
2134 0.0
2135 0.0
2136 0.0
2137 0.0
2138 0.0
2139 0.0
2140 0.0
2141 0.0
2142 0.0
2143 0.0
2144 0.0
2145 0.0
2146 0.0
2147 0.0
2148 0.0
2149 0.0
2150 0.0
2151 0.0
2152 0.0
2153 0.0
2154 0.0
2155 0.0
2156 0.0
2157 0.0
2158 0.0
2159 0.0
2160 0.0
2161 0.0
2162 0.0
2163 0.0
2164 0.0
2165 0.0
2166 0.0
2167 0.0
2168 0.0
2169 0.0
2170 0.0
2171 0.0
2172 0.0
2173 0.0
2174 0.0
2175 0.0
2176 0.0
2177 0.0
2178 0.0
2179 0.0
2180 0.0
2181 0.0
2182 0.0
2183 0.0
2184 0.0
2185 0.0
2186 0.0
2187 0.0
2188 0.0
2189 0.0
2190 0.0
2191 0.0
2192 0.0
2193 0.0
2194 0.0
2195 0.0
2196 0.0
2197 0.0
2198 0.0
2199 0.0
2200 0.0
2201 0.0
2202 0.0
2203 0.0
2204 0.0
2205 0.0
2206 0.0
2207 0.0
2208 0.0
2209 0.0
2210 0.0
2211 0.0
2212 0.0
2213 0.0
2214 0.0
2215 0.0
2216 0.0
2217 0.0
2218 0.0
2219 0.0
2220 0.0
2221 0.0
2222 0.0
2223 0.0
2224 0.0
2225 0.0
2226 0.0
2227 0.0
2228 0.0
2229 0.0
2230 0.0
2231 0.0
2232 0.0
2233 0.0
2234 0.0
2235 0.0
2236 0.0
2237 0.0
2238 0.0
2239 0.0
2240 0.0
2241 0.0
2242 0.0
2243 0.0
2244 0.0
2245 0.0
2246 0.0
2247 0.0
2248 0.0
2249 0.0
2250 0.0
2251 0.0
2252 0.0
2253 0.0
2254 0.0
2255 0.0
2256 0.0
2257 0.0
2258 0.0
2259 0.0
2260 0.0
2261 0.0
2262 0.0
2263 0.0
2264 0.0
2265 0.0
2266 0.0
2267 0.0
2268 0.0
2269 0.0
2270 0.0
2271 0.0
2272 0.0
2273 0.0
2274 0.0
2275 0.0
2276 0.0
2277 0.0
2278 0.0
2279 0.0
2280 0.0
2281 0.0
2282 0.0
2283 0.0
2284 0.0
2285 0.0
2286 0.0
2287 0.0
2288 0.0
2289 0.0
2290 0.0
2291 0.0
2292 0.0
2293 0.0
2294 0.0
2295 0.0
2296 0.0
2297 0.0
2298 0.0
2299 0.0
2300 0.0
2301 0.0
2302 0.0
2303 0.0
2304 0.0
2305 0.0
2306 0.0
2307 0.0
2308 0.0
2309 0.0
2310 0.0
2311 0.0
2312 0.0
2313 0.0
2314 0.0
2315 0.0
2316 0.0
2317 0.0
2318 0.0
2319 0.0
2320 0.0
2321 0.0
2322 0.0
2323 0.0
2324 0.0
2325 0.0
2326 0.0
2327 0.0
2328 0.0
2329 0.0
2330 0.0
2331 0.0
2332 0.0
2333 0.0
2334 0.0
2335 0.0
2336 0.0
2337 0.0
2338 0.0
2339 0.0
2340 0.0
2341 0.0
2342 0.0
2343 0.0
2344 0.0
2345 0.0
2346 0.0
2347 0.0
2348 0.0
2349 0.0
2350 0.0
2351 0.0
2352 0.0
2353 0.0
2354 0.0
2355 0.0
2356 0.0
2357 0.0
2358 0.0
2359 0.0
2360 0.0
2361 0.0
2362 0.0
2363 0.0
2364 0.0
2365 0.0
2366 0.0
2367 0.0
2368 0.0
2369 0.0
2370 0.0
2371 0.0
2372 0.0
2373 0.0
2374 0.0
2375 0.0
2376 0.0
2377 0.0
2378 0.0
2379 0.0
2380 0.0
2381 0.0
2382 0.0
2383 0.0
2384 0.0
2385 0.0
2386 0.0
2387 0.0
2388 0.0
2389 0.0
2390 0.0
2391 0.0
2392 0.0
2393 0.0
2394 0.0
2395 0.0
2396 0.0
2397 0.0
2398 0.0
2399 0.0
2400 0.0
2401 0.0
2402 0.0
2403 0.0
2404 0.0
2405 0.0
2406 0.0
2407 0.0
2408 0.0
2409 0.0
2410 0.0
2411 0.0
2412 0.0
2413 0.0
2414 0.0
2415 0.0
2416 0.0
2417 0.0
2418 0.0
2419 0.0
2420 0.0
2421 0.0
2422 0.0
2423 0.0
2424 0.0
2425 0.0
2426 0.0
2427 0.0
2428 0.0
2429 0.0
2430 0.0
2431 0.0
2432 0.0
2433 0.0
2434 0.0
2435 0.0
2436 0.0
2437 0.0
2438 0.0
2439 0.0
2440 0.0
2441 0.0
2442 0.0
2443 0.0
2444 0.0
2445 0.0
2446 0.0
2447 0.0
2448 0.0
2449 0.0
2450 0.0
2451 0.0
2452 0.0
2453 0.0
2454 0.0
2455 0.0
2456 0.0
2457 0.0
2458 0.0
2459 0.0
2460 0.0
2461 0.0
2462 0.0
2463 0.0
2464 0.0
2465 0.0
2466 0.0
2467 0.0
2468 0.0
2469 0.0
2470 0.0
2471 0.0
2472 0.0
2473 0.0
2474 0.0
2475 0.0
2476 0.0
2477 0.0
2478 0.0
2479 0.0
2480 0.0
2481 0.0
2482 0.0
2483 0.0
2484 0.0
2485 0.0
2486 0.0
2487 0.0
2488 0.0
2489 0.0
2490 0.0
2491 0.0
2492 0.0
2493 0.0
2494 0.0
2495 0.0
2496 0.0
2497 0.0
2498 0.0
2499 0.0
2500 0.0
2501 0.0
2502 0.0
2503 0.0
2504 0.0
2505 0.0
2506 0.0
2507 0.0
2508 0.0
2509 0.0
2510 0.0
2511 0.0
2512 0.0
2513 0.0
2514 0.0
2515 0.0
2516 0.0
2517 0.0
2518 0.0
2519 0.0
2520 0.0
2521 0.0
2522 0.0
2523 0.0
2524 0.0
2525 0.0
2526 0.0
2527 0.0
2528 0.0
2529 0.0
2530 0.0
2531 0.0
2532 0.0
2533 0.0
2534 0.0
2535 0.0
2536 0.0
2537 0.0
2538 0.0
2539 0.0
2540 0.0
2541 0.0
2542 0.0
2543 0.0
2544 0.0
2545 0.0
2546 0.0
2547 0.0
2548 0.0
2549 0.0
2550 0.0
2551 0.0
2552 0.0
2553 0.0
2554 0.0
2555 0.0
2556 0.0
2557 0.0
2558 0.0
2559 0.0
2560 0.0
2561 0.0
2562 0.0
2563 0.0
2564 0.0
2565 0.0
2566 0.0
2567 0.0
2568 0.0
2569 0.0
2570 0.0
2571 0.0
2572 0.0
2573 0.0
2574 0.0
2575 0.0
2576 0.0
2577 0.0
2578 0.0
2579 0.0
2580 0.0
2581 0.0
2582 0.0
2583 0.0
2584 0.0
2585 0.0
2586 0.0
2587 0.0
2588 0.0
2589 0.0
2590 0.0
2591 0.0
2592 0.0
2593 0.0
2594 0.0
2595 0.0
2596 0.0
2597 0.0
2598 0.0
2599 0.0
2600 0.0
2601 0.0
2602 0.0
2603 0.0
2604 0.0
2605 0.0
2606 0.0
2607 0.0
2608 0.0
2609 0.0
2610 0.0
2611 0.0
2612 0.0
2613 0.0
2614 0.0
2615 0.0
2616 0.0
2617 0.0
2618 0.0
2619 0.0
2620 0.0
2621 0.0
2622 0.0
2623 0.0
2624 0.0
2625 0.0
2626 0.0
2627 0.0
2628 0.0
2629 0.0
2630 0.0
2631 0.0
2632 0.0
2633 0.0
2634 0.0
2635 0.0
2636 0.0
2637 0.0
2638 0.0
2639 0.0
2640 0.0
2641 0.0
2642 0.0
2643 0.0
2644 0.0
2645 0.0
2646 0.0
2647 0.0
2648 0.0
2649 0.0
2650 0.0
2651 0.0
2652 0.0
2653 0.0
2654 0.0
2655 0.0
2656 0.0
2657 0.0
2658 0.0
2659 0.0
2660 0.0
2661 0.0
2662 0.0
2663 0.0
2664 0.0
2665 0.0
2666 0.0
2667 0.0
2668 0.0
2669 0.0
2670 0.0
2671 0.0
2672 0.0
2673 0.0
2674 0.0
2675 0.0
2676 0.0
2677 0.0
2678 0.0
2679 0.0
2680 0.0
2681 0.0
2682 0.0
2683 0.0
2684 0.0
2685 0.0
2686 0.0
2687 0.0
2688 0.0
2689 0.0
2690 0.0
2691 0.0
2692 0.0
2693 0.0
2694 0.0
2695 0.0
2696 0.0
2697 0.0
2698 0.0
2699 0.0
2700 0.0
2701 0.0
2702 0.0
2703 0.0
2704 0.0
2705 0.0
2706 0.0
2707 0.0
2708 0.0
2709 0.0
2710 0.0
2711 0.0
2712 0.0
2713 0.0
2714 0.0
2715 0.0
2716 0.0
2717 0.0
2718 0.0
2719 0.0
2720 0.0
2721 0.0
2722 0.0
2723 0.0
2724 0.0
2725 0.0
2726 0.0
2727 0.0
2728 0.0
2729 0.0
2730 0.0
2731 0.0
2732 0.0
2733 0.0
2734 0.0
2735 0.0
2736 0.0
2737 0.0
2738 0.0
2739 0.0
2740 0.0
2741 0.0
2742 0.0
2743 0.0
2744 0.0
2745 0.0
2746 0.0
2747 0.0
2748 0.0
2749 0.0
2750 0.0
2751 0.0
2752 0.0
2753 0.0
2754 0.0
2755 0.0
2756 0.0
2757 0.0
2758 0.0
2759 0.0
2760 0.0
2761 0.0
2762 0.0
2763 0.0
2764 0.0
2765 0.0
2766 0.0
2767 0.0
2768 0.0
2769 0.0
2770 0.0
2771 0.0
2772 0.0
2773 0.0
2774 0.0
2775 0.0
2776 0.0
2777 0.0
2778 0.0
2779 0.0
2780 0.0
2781 0.0
2782 0.0
2783 0.0
2784 0.0
2785 0.0
2786 0.0
2787 0.0
2788 0.0
2789 0.0
2790 0.0
2791 0.0
2792 0.0
2793 0.0
2794 0.0
2795 0.0
2796 0.0
2797 0.0
2798 0.0
2799 0.0
2800 0.0
2801 0.0
2802 0.0
2803 0.0
2804 0.0
2805 0.0
2806 0.0
2807 0.0
2808 0.0
2809 0.0
2810 0.0
2811 0.0
2812 0.0
2813 0.0
2814 0.0
2815 0.0
2816 0.0
2817 0.0
2818 0.0
2819 0.0
2820 0.0
2821 0.0
2822 0.0
2823 0.0
2824 0.0
2825 0.0
2826 0.0
2827 0.0
2828 0.0
2829 0.0
2830 0.0
2831 0.0
2832 0.0
2833 0.0
2834 0.0
2835 0.0
2836 0.0
2837 0.0
2838 0.0
2839 0.0
2840 0.0
2841 0.0
2842 0.0
2843 0.0
2844 0.0
2845 0.0
2846 0.0
2847 0.0
2848 0.0
2849 0.0
2850 0.0
2851 0.0
2852 0.0
2853 0.0
2854 0.0
2855 0.0
2856 0.0
2857 0.0
2858 0.0
2859 0.0
2860 0.0
2861 0.0
2862 0.0
2863 0.0
2864 0.0
2865 0.0
2866 0.0
2867 0.0
2868 0.0
2869 0.0
2870 0.0
2871 0.0
2872 0.0
2873 0.0
2874 0.0
2875 0.0
2876 0.0
2877 0.0
2878 0.0
2879 0.0
2880 0.0
2881 0.0
2882 0.0
2883 0.0
2884 0.0
2885 0.0
2886 0.0
2887 0.0
2888 0.0
2889 0.0
2890 0.0
2891 0.0
2892 0.0
2893 0.0
2894 0.0
2895 0.0
2896 0.0
2897 0.0
2898 0.0
2899 0.0
2900 0.0
2901 0.0
2902 0.0
2903 0.0
2904 0.0
2905 0.0
2906 0.0
2907 0.0
2908 0.0
2909 0.0
2910 0.0
2911 0.0
2912 0.0
2913 0.0
2914 0.0
2915 0.0
2916 0.0
2917 0.0
2918 0.0
2919 0.0
2920 0.0
2921 0.0
2922 0.0
2923 0.0
2924 0.0
2925 0.0
2926 0.0
2927 0.0
2928 0.0
2929 0.0
2930 0.0
2931 0.0
2932 0.0
2933 0.0
2934 0.0
2935 0.0
2936 0.0
2937 0.0
2938 0.0
2939 0.0
2940 0.0
2941 0.0
2942 0.0
2943 0.0
2944 0.0
2945 0.0
2946 0.0
2947 0.0
2948 0.0
2949 0.0
2950 0.0
2951 0.0
2952 0.0
2953 0.0
2954 0.0
2955 0.0
2956 0.0
2957 0.0
2958 0.0
2959 0.0
2960 0.0
2961 0.0
2962 0.0
2963 0.0
2964 0.0
2965 0.0
2966 0.0
2967 0.0
2968 0.0
2969 0.0
2970 0.0
2971 0.0
2972 0.0
2973 0.0
2974 0.0
2975 0.0
2976 0.0
2977 0.0
2978 0.0
2979 0.0
2980 0.0
2981 0.0
2982 0.0
2983 0.0
2984 0.0
2985 0.0
2986 0.0
2987 0.0
2988 0.0
2989 0.0
2990 0.0
2991 0.0
2992 0.0
2993 0.0
2994 0.0
2995 0.0
2996 0.0
2997 0.0
2998 0.0
2999 0.0
3000 0.0
3001 0.0
3002 0.0
3003 0.0
3004 0.0
3005 0.0
3006 0.0
3007 0.0
3008 0.0
3009 0.0
3010 0.0
3011 0.0
3012 0.0
3013 0.0
3014 0.0
3015 0.0
3016 0.0
3017 0.0
3018 0.0
3019 0.0
3020 0.0
3021 0.0
3022 0.0
3023 0.0
3024 0.0
3025 0.0
3026 0.0
3027 0.0
3028 0.0
3029 0.0
3030 0.0
3031 0.0
3032 0.0
3033 0.0
3034 0.0
3035 0.0
3036 0.0
3037 0.0
3038 0.0
3039 0.0
3040 0.0
3041 0.0
3042 0.0
3043 0.0
3044 0.0
3045 0.0
3046 0.0
3047 0.0
3048 0.0
3049 0.0
3050 0.0
3051 0.0
3052 0.0
3053 0.0
3054 0.0
3055 0.0
3056 0.0
3057 0.0
3058 0.0
3059 0.0
3060 0.0
3061 0.0
3062 0.0
3063 0.0
3064 0.0
3065 0.0
3066 0.0
3067 0.0
3068 0.0
3069 0.0
3070 0.0
3071 0.0
3072 0.0
3073 0.0
3074 0.0
3075 0.0
3076 0.0
3077 0.0
3078 0.0
3079 0.0
3080 0.0
3081 0.0
3082 0.0
3083 0.0
3084 0.0
3085 0.0
3086 0.0
3087 0.0
3088 0.0
3089 0.0
3090 0.0
3091 0.0
3092 0.0
3093 0.0
3094 0.0
3095 0.0
3096 0.0
3097 0.0
3098 0.0
3099 0.0
3100 0.0
3101 0.0
3102 0.0
3103 0.0
3104 0.0
3105 0.0
3106 0.0
3107 0.0
3108 0.0
3109 0.0
3110 0.0
3111 0.0
3112 0.0
3113 0.0
3114 0.0
3115 0.0
3116 0.0
3117 0.0
3118 0.0
3119 0.0
3120 0.0
3121 0.0
3122 0.0
3123 0.0
3124 0.0
3125 0.0
3126 0.0
3127 0.0
3128 0.0
3129 0.0
3130 0.0
3131 0.0
3132 0.0
3133 0.0
3134 0.0
3135 0.0
3136 0.0
3137 0.0
3138 0.0
3139 0.0
3140 0.0
3141 0.0
3142 0.0
3143 0.0
3144 0.0
3145 0.0
3146 0.0
3147 0.0
3148 0.0
3149 0.0
3150 0.0
3151 0.0
3152 0.0
3153 0.0
3154 0.0
3155 0.0
3156 0.0
3157 0.0
3158 0.0
3159 0.0
3160 0.0
3161 0.0
3162 0.0
3163 0.0
3164 0.0
3165 0.0
3166 0.0
3167 0.0
3168 0.0
3169 0.0
3170 0.0
3171 0.0
3172 0.0
3173 0.0
3174 0.0
3175 0.0
3176 0.0
3177 0.0
3178 0.0
3179 0.0
3180 0.0
3181 0.0
3182 0.0
3183 0.0
3184 0.0
3185 0.0
3186 0.0
3187 0.0
3188 0.0
3189 0.0
3190 0.0
3191 0.0
3192 0.0
3193 0.0
3194 0.0
3195 0.0
3196 0.0
3197 0.0
3198 0.0
3199 0.0
3200 0.0
3201 0.0
3202 0.0
3203 0.0
3204 0.0
3205 0.0
3206 0.0
3207 0.0
3208 0.0
3209 0.0
3210 0.0
3211 0.0
3212 0.0
3213 0.0
3214 0.0
3215 0.0
3216 0.0
3217 0.0
3218 0.0
3219 0.0
3220 0.0
3221 0.0
3222 0.0
3223 0.0
3224 0.0
3225 0.0
3226 0.0
3227 0.0
3228 0.0
3229 0.0
3230 0.0
3231 0.0
3232 0.0
3233 0.0
3234 0.0
3235 0.0
3236 0.0
3237 0.0
3238 0.0
3239 0.0
3240 0.0
3241 0.0
3242 0.0
3243 0.0
3244 0.0
3245 0.0
3246 0.0
3247 0.0
3248 0.0
3249 0.0
3250 0.0
3251 0.0
3252 0.0
3253 0.0
3254 0.0
3255 0.0
3256 0.0
3257 0.0
3258 0.0
3259 0.0
3260 0.0
3261 0.0
3262 0.0
3263 0.0
3264 0.0
3265 0.0
3266 0.0
3267 0.0
3268 0.0
3269 0.0
3270 0.0
3271 0.0
3272 0.0
3273 0.0
3274 0.0
3275 0.0
3276 0.0
3277 0.0
3278 0.0
3279 0.0
3280 0.0
3281 0.0
3282 0.0
3283 0.0
3284 0.0
3285 0.0
3286 0.0
3287 0.0
3288 0.0
3289 0.0
3290 0.0
3291 0.0
3292 0.0
3293 0.0
3294 0.0
3295 0.0
3296 0.0
3297 0.0
3298 0.0
3299 0.0
3300 0.0
3301 0.0
3302 0.0
3303 0.0
3304 0.0
3305 0.0
3306 0.0
3307 0.0
3308 0.0
3309 0.0
3310 0.0
3311 0.0
3312 0.0
3313 0.0
3314 0.0
3315 0.0
3316 0.0
3317 0.0
3318 0.0
3319 0.0
3320 0.0
3321 0.0
3322 0.0
3323 0.0
3324 0.0
3325 0.0
3326 0.0
3327 0.0
3328 0.0
3329 0.0
3330 0.0
3331 0.0
3332 0.0
3333 0.0
3334 0.0
3335 0.0
3336 0.0
3337 0.0
3338 0.0
3339 0.0
3340 0.0
3341 0.0
3342 0.0
3343 0.0
3344 0.0
3345 0.0
3346 0.0
3347 0.0
3348 0.0
3349 0.0
3350 0.0
3351 0.0
3352 0.0
3353 0.0
3354 0.0
3355 0.0
3356 0.0
3357 0.0
3358 0.0
3359 0.0
3360 0.0
3361 0.0
3362 0.0
3363 0.0
3364 0.0
3365 0.0
3366 0.0
3367 0.0
3368 0.0
3369 0.0
3370 0.0
3371 0.0
3372 0.0
3373 0.0
3374 0.0
3375 0.0
3376 0.0
3377 0.0
3378 0.0
3379 0.0
3380 0.0
3381 0.0
3382 0.0
3383 0.0
3384 0.0
3385 0.0
3386 0.0
3387 0.0
3388 0.0
3389 0.0
3390 0.0
3391 0.0
3392 0.0
3393 0.0
3394 0.0
3395 0.0
3396 0.0
3397 0.0
3398 0.0
3399 0.0
3400 0.0
3401 0.0
3402 0.0
3403 0.0
3404 0.0
3405 0.0
3406 0.0
3407 0.0
3408 0.0
3409 0.0
3410 0.0
3411 0.0
3412 0.0
3413 0.0
3414 0.0
3415 0.0
3416 0.0
3417 0.0
3418 0.0
3419 0.0
3420 0.0
3421 0.0
3422 0.0
3423 0.0
3424 0.0
3425 0.0
3426 0.0
3427 0.0
3428 0.0
3429 0.0
3430 0.0
3431 0.0
3432 0.0
3433 0.0
3434 0.0
3435 0.0
3436 0.0
3437 0.0
3438 0.0
3439 0.0
3440 0.0
3441 0.0
3442 0.0
3443 0.0
3444 0.0
3445 0.0
3446 0.0
3447 0.0
3448 0.0
3449 0.0
3450 0.0
3451 0.0
3452 0.0
3453 0.0
3454 0.0
3455 0.0
3456 0.0
3457 0.0
3458 0.0
3459 0.0
3460 0.0
3461 0.0
3462 0.0
3463 0.0
3464 0.0
3465 0.0
3466 0.0
3467 0.0
3468 0.0
3469 0.0
3470 0.0
3471 0.0
3472 0.0
3473 0.0
3474 0.0
3475 0.0
3476 0.0
3477 0.0
3478 0.0
3479 0.0
3480 0.0
3481 0.0
3482 0.0
3483 0.0
3484 0.0
3485 0.0
3486 0.0
3487 0.0
3488 0.0
3489 0.0
3490 0.0
3491 0.0
3492 0.0
3493 0.0
3494 0.0
3495 0.0
3496 0.0
3497 0.0
3498 0.0
3499 0.0
3500 0.0
3501 0.0
3502 0.0
3503 0.0
3504 0.0
3505 0.0
3506 0.0
3507 0.0
3508 0.0
3509 0.0
3510 0.0
3511 0.0
3512 0.0
3513 0.0
3514 0.0
3515 0.0
3516 0.0
3517 0.0
3518 0.0
3519 0.0
3520 0.0
3521 0.0
3522 0.0
3523 0.0
3524 0.0
3525 0.0
3526 0.0
3527 0.0
3528 0.0
3529 0.0
3530 0.0
3531 0.0
3532 0.0
3533 0.0
3534 0.0
3535 0.0
3536 0.0
3537 0.0
3538 0.0
3539 0.0
3540 0.0
3541 0.0
3542 0.0
3543 0.0
3544 0.0
3545 0.0
3546 0.0
3547 0.0
3548 0.0
3549 0.0
3550 0.0
3551 0.0
3552 0.0
3553 0.0
3554 0.0
3555 0.0
3556 0.0
3557 0.0
3558 0.0
3559 0.0
3560 0.0
3561 0.0
3562 0.0
3563 0.0
3564 0.0
3565 0.0
3566 0.0
3567 0.0
3568 0.0
3569 0.0
3570 0.0
3571 0.0
3572 0.0
3573 0.0
3574 0.0
3575 0.0
3576 0.0
3577 0.0
3578 0.0
3579 0.0
3580 0.0
3581 0.0
3582 0.0
3583 0.0
3584 0.0
3585 0.0
3586 0.0
3587 0.0
3588 0.0
3589 0.0
3590 0.0
3591 0.0
3592 0.0
3593 0.0
3594 0.0
3595 0.0
3596 0.0
3597 0.0
3598 0.0
3599 0.0
3600 0.0
3601 0.0
3602 0.0
3603 0.0
3604 0.0
3605 0.0
3606 0.0
3607 0.0
3608 0.0
3609 0.0
3610 0.0
3611 0.0
3612 0.0
3613 0.0
3614 0.0
3615 0.0
3616 0.0
3617 0.0
3618 0.0
3619 0.0
3620 0.0
3621 0.0
3622 0.0
3623 0.0
3624 0.0
3625 0.0
3626 0.0
3627 0.0
3628 0.0
3629 0.0
3630 0.0
3631 0.0
3632 0.0
3633 0.0
3634 0.0
3635 0.0
3636 0.0
3637 0.0
3638 0.0
3639 0.0
3640 0.0
3641 0.0
3642 0.0
3643 0.0
3644 0.0
3645 0.0
3646 0.0
3647 0.0
3648 0.0
3649 0.0
3650 0.0
3651 0.0
3652 0.0
3653 0.0
3654 0.0
3655 0.0
3656 0.0
3657 0.0
3658 0.0
3659 0.0
3660 0.0
3661 0.0
3662 0.0
3663 0.0
3664 0.0
3665 0.0
3666 0.0
3667 0.0
3668 0.0
3669 0.0
3670 0.0
3671 0.0
3672 0.0
3673 0.0
3674 0.0
3675 0.0
3676 0.0
3677 0.0
3678 0.0
3679 0.0
3680 0.0
3681 0.0
3682 0.0
3683 0.0
3684 0.0
3685 0.0
3686 0.0
3687 0.0
3688 0.0
3689 0.0
3690 0.0
3691 0.0
3692 0.0
3693 0.0
3694 0.0
3695 0.0
3696 0.0
3697 0.0
3698 0.0
3699 0.0
3700 0.0
3701 0.0
3702 0.0
3703 0.0
3704 0.0
3705 0.0
3706 0.0
3707 0.0
3708 0.0
3709 0.0
3710 0.0
3711 0.0
3712 0.0
3713 0.0
3714 0.0
3715 0.0
3716 0.0
3717 0.0
3718 0.0
3719 0.0
3720 0.0
3721 0.0
3722 0.0
3723 0.0
3724 0.0
3725 0.0
3726 0.0
3727 0.0
3728 0.0
3729 0.0
3730 0.0
3731 0.0
3732 0.0
3733 0.0
3734 0.0
3735 0.0
3736 0.0
3737 0.0
3738 0.0
3739 0.0
3740 0.0
3741 0.0
3742 0.0
3743 0.0
3744 0.0
3745 0.0
3746 0.0
3747 0.0
3748 0.0
3749 0.0
3750 0.0
3751 0.0
3752 0.0
3753 0.0
3754 0.0
3755 0.0
3756 0.0
3757 0.0
3758 0.0
3759 0.0
3760 0.0
3761 0.0
3762 0.0
3763 0.0
3764 0.0
3765 0.0
3766 0.0
3767 0.0
3768 0.0
3769 0.0
3770 0.0
3771 0.0
3772 0.0
3773 0.0
3774 0.0
3775 0.0
3776 0.0
3777 0.0
3778 0.0
3779 0.0
3780 0.0
3781 0.0
3782 0.0
3783 0.0
3784 0.0
3785 0.0
3786 0.0
3787 0.0
3788 0.0
3789 0.0
3790 0.0
3791 0.0
3792 0.0
3793 0.0
3794 0.0
3795 0.0
3796 0.0
3797 0.0
3798 0.0
3799 0.0
3800 0.0
3801 0.0
3802 0.0
3803 0.0
3804 0.0
3805 0.0
3806 0.0
3807 0.0
3808 0.0
3809 0.0
3810 0.0
3811 0.0
3812 0.0
3813 0.0
3814 0.0
3815 0.0
3816 0.0
3817 0.0
3818 0.0
3819 0.0
3820 0.0
3821 0.0
3822 0.0
3823 0.0
3824 0.0
3825 0.0
3826 0.0
3827 0.0
3828 0.0
3829 0.0
3830 0.0
3831 0.0
3832 0.0
3833 0.0
3834 0.0
3835 0.0
3836 0.0
3837 0.0
3838 0.0
3839 0.0
3840 0.0
3841 0.0
3842 0.0
3843 0.0
3844 0.0
3845 0.0
3846 0.0
3847 0.0
3848 0.0
3849 0.0
3850 0.0
3851 0.0
3852 0.0
3853 0.0
3854 0.0
3855 0.0
3856 0.0
3857 0.0
3858 0.0
3859 0.0
3860 0.0
3861 0.0
3862 0.0
3863 0.0
3864 0.0
3865 0.0
3866 0.0
3867 0.0
3868 0.0
3869 0.0
3870 0.0
3871 0.0
3872 0.0
3873 0.0
3874 0.0
3875 0.0
3876 0.0
3877 0.0
3878 0.0
3879 0.0
3880 0.0
3881 0.0
3882 0.0
3883 0.0
3884 0.0
3885 0.0
3886 0.0
3887 0.0
3888 0.0
3889 0.0
3890 0.0
3891 0.0
3892 0.0
3893 0.0
3894 0.0
3895 0.0
3896 0.0
3897 0.0
3898 0.0
3899 0.0
3900 0.0
3901 0.0
3902 0.0
3903 0.0
3904 0.0
3905 0.0
3906 0.0
3907 0.0
3908 0.0
3909 0.0
3910 0.0
3911 0.0
3912 0.0
3913 0.0
3914 0.0
3915 0.0
3916 0.0
3917 0.0
3918 0.0
3919 0.0
3920 0.0
3921 0.0
3922 0.0
3923 0.0
3924 0.0
3925 0.0
3926 0.0
3927 0.0
3928 0.0
3929 0.0
3930 0.0
3931 0.0
3932 0.0
3933 0.0
3934 0.0
3935 0.0
3936 0.0
3937 0.0
3938 0.0
3939 0.0
3940 0.0
3941 0.0
3942 0.0
3943 0.0
3944 0.0
3945 0.0
3946 0.0
3947 0.0
3948 0.0
3949 0.0
3950 0.0
3951 0.0
3952 0.0
3953 0.0
3954 0.0
3955 0.0
3956 0.0
3957 0.0
3958 0.0
3959 0.0
3960 0.0
3961 0.0
3962 0.0
3963 0.0
3964 0.0
3965 0.0
3966 0.0
3967 0.0
3968 0.0
3969 0.0
3970 0.0
3971 0.0
3972 0.0
3973 0.0
3974 0.0
3975 0.0
3976 0.0
3977 0.0
3978 0.0
3979 0.0
3980 0.0
3981 0.0
3982 0.0
3983 0.0
3984 0.0
3985 0.0
3986 0.0
3987 0.0
3988 0.0
3989 0.0
3990 0.0
3991 0.0
3992 0.0
3993 0.0
3994 0.0
3995 0.0
3996 0.0
3997 0.0
3998 0.0
3999 0.0
4000 0.0
4001 0.0
4002 0.0
4003 0.0
4004 0.0
4005 0.0
4006 0.0
4007 0.0
4008 0.0
4009 0.0
4010 0.0
4011 0.0
4012 0.0
4013 0.0
4014 0.0
4015 0.0
4016 0.0
4017 0.0
4018 0.0
4019 0.0
4020 0.0
4021 0.0
4022 0.0
4023 0.0
4024 0.0
4025 0.0
4026 0.0
4027 0.0
4028 0.0
4029 0.0
4030 0.0
4031 0.0
4032 0.0
4033 0.0
4034 0.0
4035 0.0
4036 0.0
4037 0.0
4038 0.0
4039 0.0
4040 0.0
4041 0.0
4042 0.0
4043 0.0
4044 0.0
4045 0.0
4046 0.0
4047 0.0
4048 0.0
4049 0.0
4050 0.0
4051 0.0
4052 0.0
4053 0.0
4054 0.0
4055 0.0
4056 0.0
4057 0.0
4058 0.0
4059 0.0
4060 0.0
4061 0.0
4062 0.0
4063 0.0
4064 0.0
4065 0.0
4066 0.0
4067 0.0
4068 0.0
4069 0.0
4070 0.0
4071 0.0
4072 0.0
4073 0.0
4074 0.0
4075 0.0
4076 0.0
4077 0.0
4078 0.0
4079 0.0
4080 0.0
4081 0.0
4082 0.0
4083 0.0
4084 0.0
4085 0.0
4086 0.0
4087 0.0
4088 0.0
4089 0.0
4090 0.0
4091 0.0
4092 0.0
4093 0.0
4094 0.0
4095 0.0
4096 0.0
4097 0.0
4098 0.0
4099 0.0
4100 0.0
4101 0.0
4102 0.0
4103 0.0
4104 0.0
4105 0.0
4106 0.0
4107 0.0
4108 0.0
4109 0.0
4110 0.0
4111 0.0
4112 0.0
4113 0.0
4114 0.0
4115 0.0
4116 0.0
4117 0.0
4118 0.0
4119 0.0
4120 0.0
4121 0.0
4122 0.0
4123 0.0
4124 0.0
4125 0.0
4126 0.0
4127 0.0
4128 0.0
4129 0.0
4130 0.0
4131 0.0
4132 0.0
4133 0.0
4134 0.0
4135 0.0
4136 0.0
4137 0.0
4138 0.0
4139 0.0
4140 0.0
4141 0.0
4142 0.0
4143 0.0
4144 0.0
4145 0.0
4146 0.0
4147 0.0
4148 0.0
4149 0.0
4150 0.0
4151 0.0
4152 0.0
4153 0.0
4154 0.0
4155 0.0
4156 0.0
4157 0.0
4158 0.0
4159 0.0
4160 0.0
4161 0.0
4162 0.0
4163 0.0
4164 0.0
4165 0.0
4166 0.0
4167 0.0
4168 0.0
4169 0.0
4170 0.0
4171 0.0
4172 0.0
4173 0.0
4174 0.0
4175 0.0
4176 0.0
4177 0.0
4178 0.0
4179 0.0
4180 0.0
4181 0.0
4182 0.0
4183 0.0
4184 0.0
4185 0.0
4186 0.0
4187 0.0
4188 0.0
4189 0.0
4190 0.0
4191 0.0
4192 0.0
4193 0.0
4194 0.0
4195 0.0
4196 0.0
4197 0.0
4198 0.0
4199 0.0
4200 0.0
4201 0.0
4202 0.0
4203 0.0
4204 0.0
4205 0.0
4206 0.0
4207 0.0
4208 0.0
4209 0.0
4210 0.0
4211 0.0
4212 0.0
4213 0.0
4214 0.0
4215 0.0
4216 0.0
4217 0.0
4218 0.0
4219 0.0
4220 0.0
4221 0.0
4222 0.0
4223 0.0
4224 0.0
4225 0.0
4226 0.0
4227 0.0
4228 0.0
4229 0.0
4230 0.0
4231 0.0
4232 0.0
4233 0.0
4234 0.0
4235 0.0
4236 0.0
4237 0.0
4238 0.0
4239 0.0
4240 0.0
4241 0.0
4242 0.0
4243 0.0
4244 0.0
4245 0.0
4246 0.0
4247 0.0
4248 0.0
4249 0.0
4250 0.0
4251 0.0
4252 0.0
4253 0.0
4254 0.0
4255 0.0
4256 0.0
4257 0.0
4258 0.0
4259 0.0
4260 0.0
4261 0.0
4262 0.0
4263 0.0
4264 0.0
4265 0.0
4266 0.0
4267 0.0
4268 0.0
4269 0.0
4270 0.0
4271 0.0
4272 0.0
4273 0.0
4274 0.0
4275 0.0
4276 0.0
4277 0.0
4278 0.0
4279 0.0
4280 0.0
4281 0.0
4282 0.0
4283 0.0
4284 0.0
4285 0.0
4286 0.0
4287 0.0
4288 0.0
4289 0.0
4290 0.0
4291 0.0
4292 0.0
4293 0.0
4294 0.0
4295 0.0
4296 0.0
4297 0.0
4298 0.0
4299 0.0
4300 0.0
4301 0.0
4302 0.0
4303 0.0
4304 0.0
4305 0.0
4306 0.0
4307 0.0
4308 0.0
4309 0.0
4310 0.0
4311 0.0
4312 0.0
4313 0.0
4314 0.0
4315 0.0
4316 0.0
4317 0.0
4318 0.0
4319 0.0
4320 0.0
4321 0.0
4322 0.0
4323 0.0
4324 0.0
4325 0.0
4326 0.0
4327 0.0
4328 0.0
4329 0.0
4330 0.0
4331 0.0
4332 0.0
4333 0.0
4334 0.0
4335 0.0
4336 0.0
4337 0.0
4338 0.0
4339 0.0
4340 0.0
4341 0.0
4342 0.0
4343 0.0
4344 0.0
4345 0.0
4346 0.0
4347 0.0
4348 0.0
4349 0.0
4350 0.0
4351 0.0
4352 0.0
4353 0.0
4354 0.0
4355 0.0
4356 0.0
4357 0.0
4358 0.0
4359 0.0
4360 0.0
4361 0.0
4362 0.0
4363 0.0
4364 0.0
4365 0.0
4366 0.0
4367 0.0
4368 0.0
4369 0.0
4370 0.0
4371 0.0
4372 0.0
4373 0.0
4374 0.0
4375 0.0
4376 0.0
4377 0.0
4378 0.0
4379 0.0
4380 0.0
4381 0.0
4382 0.0
4383 0.0
4384 0.0
4385 0.0
4386 0.0
4387 0.0
4388 0.0
4389 0.0
4390 0.0
4391 0.0
4392 0.0
4393 0.0
4394 0.0
4395 0.0
4396 0.0
4397 0.0
4398 0.0
4399 0.0
4400 0.0
4401 0.0
4402 0.0
4403 0.0
4404 0.0
4405 0.0
4406 0.0
4407 0.0
4408 0.0
4409 0.0
4410 0.0
4411 0.0
4412 0.0
4413 0.0
4414 0.0
4415 0.0
4416 0.0
4417 0.0
4418 0.0
4419 0.0
4420 0.0
4421 0.0
4422 0.0
4423 0.0
4424 0.0
4425 0.0
4426 0.0
4427 0.0
4428 0.0
4429 0.0
4430 0.0
4431 0.0
4432 0.0
4433 0.0
4434 0.0
4435 0.0
4436 0.0
4437 0.0
4438 0.0
4439 0.0
4440 0.0
4441 0.0
4442 0.0
4443 0.0
4444 0.0
4445 0.0
4446 0.0
4447 0.0
4448 0.0
4449 0.0
4450 0.0
4451 0.0
4452 0.0
4453 0.0
4454 0.0
4455 0.0
4456 0.0
4457 0.0
4458 0.0
4459 0.0
4460 0.0
4461 0.0
4462 0.0
4463 0.0
4464 0.0
4465 0.0
4466 0.0
4467 0.0
4468 0.0
4469 0.0
4470 0.0
4471 0.0
4472 0.0
4473 0.0
4474 0.0
4475 0.0
4476 0.0
4477 0.0
4478 0.0
4479 0.0
4480 0.0
4481 0.0
4482 0.0
4483 0.0
4484 0.0
4485 0.0
4486 0.0
4487 0.0
4488 0.0
4489 0.0
4490 0.0
4491 0.0
4492 0.0
4493 0.0
4494 0.0
4495 0.0
4496 0.0
4497 0.0
4498 0.0
4499 0.0
4500 0.0
4501 0.0
4502 0.0
4503 0.0
4504 0.0
4505 0.0
4506 0.0
4507 0.0
4508 0.0
4509 0.0
4510 0.0
4511 0.0
4512 0.0
4513 0.0
4514 0.0
4515 0.0
4516 0.0
4517 0.0
4518 0.0
4519 0.0
4520 0.0
4521 0.0
4522 0.0
4523 0.0
4524 0.0
4525 0.0
4526 0.0
4527 0.0
4528 0.0
4529 0.0
4530 0.0
4531 0.0
4532 0.0
4533 0.0
4534 0.0
4535 0.0
4536 0.0
4537 0.0
4538 0.0
4539 0.0
4540 0.0
4541 0.0
4542 0.0
4543 0.0
4544 0.0
4545 0.0
4546 0.0
4547 0.0
4548 0.0
4549 0.0
4550 0.0
4551 0.0
4552 0.0
4553 0.0
4554 0.0
4555 0.0
4556 0.0
4557 0.0
4558 0.0
4559 0.0
4560 0.0
4561 0.0
4562 0.0
4563 0.0
4564 0.0
4565 0.0
4566 0.0
4567 0.0
4568 0.0
4569 0.0
4570 0.0
4571 0.0
4572 0.0
4573 0.0
4574 0.0
4575 0.0
4576 0.0
4577 0.0
4578 0.0
4579 0.0
4580 0.0
4581 0.0
4582 0.0
4583 0.0
4584 0.0
4585 0.0
4586 0.0
4587 0.0
4588 0.0
4589 0.0
4590 0.0
4591 0.0
4592 0.0
4593 0.0
4594 0.0
4595 0.0
4596 0.0
4597 0.0
4598 0.0
4599 0.0
4600 0.0
4601 0.0
4602 0.0
4603 0.0
4604 0.0
4605 0.0
4606 0.0
4607 0.0
4608 0.0
4609 0.0
4610 0.0
4611 0.0
4612 0.0
4613 0.0
4614 0.0
4615 0.0
4616 0.0
4617 0.0
4618 0.0
4619 0.0
4620 0.0
4621 0.0
4622 0.0
4623 0.0
4624 0.0
4625 0.0
4626 0.0
4627 0.0
4628 0.0
4629 0.0
4630 0.0
4631 0.0
4632 0.0
4633 0.0
4634 0.0
4635 0.0
4636 0.0
4637 0.0
4638 0.0
4639 0.0
4640 0.0
4641 0.0
4642 0.0
4643 0.0
4644 0.0
4645 0.0
4646 0.0
4647 0.0
4648 0.0
4649 0.0
4650 0.0
4651 0.0
4652 0.0
4653 0.0
4654 0.0
4655 0.0
4656 0.0
4657 0.0
4658 0.0
4659 0.0
4660 0.0
4661 0.0
4662 0.0
4663 0.0
4664 0.0
4665 0.0
4666 0.0
4667 0.0
4668 0.0
4669 0.0
4670 0.0
4671 0.0
4672 0.0
4673 0.0
4674 0.0
4675 0.0
4676 0.0
4677 0.0
4678 0.0
4679 0.0
4680 0.0
4681 0.0
4682 0.0
4683 0.0
4684 0.0
4685 0.0
4686 0.0
4687 0.0
4688 0.0
4689 0.0
4690 0.0
4691 0.0
4692 0.0
4693 0.0
4694 0.0
4695 0.0
4696 0.0
4697 0.0
4698 0.0
4699 0.0
4700 0.0
4701 0.0
4702 0.0
4703 0.0
4704 0.0
4705 0.0
4706 0.0
4707 0.0
4708 0.0
4709 0.0
4710 0.0
4711 0.0
4712 0.0
4713 0.0
4714 0.0
4715 0.0
4716 0.0
4717 0.0
4718 0.0
4719 0.0
4720 0.0
4721 0.0
4722 0.0
4723 0.0
4724 0.0
4725 0.0
4726 0.0
4727 0.0
4728 0.0
4729 0.0
4730 0.0
4731 0.0
4732 0.0
4733 0.0
4734 0.0
4735 0.0
4736 0.0
4737 0.0
4738 0.0
4739 0.0
4740 0.0
4741 0.0
4742 0.0
4743 0.0
4744 0.0
4745 0.0
4746 0.0
4747 0.0
4748 0.0
4749 0.0
4750 0.0
4751 0.0
4752 0.0
4753 0.0
4754 0.0
4755 0.0
4756 0.0
4757 0.0
4758 0.0
4759 0.0
4760 0.0
4761 0.0
4762 0.0
4763 0.0
4764 0.0
4765 0.0
4766 0.0
4767 0.0
4768 0.0
4769 0.0
4770 0.0
4771 0.0
4772 0.0
4773 0.0
4774 0.0
4775 0.0
4776 0.0
4777 0.0
4778 0.0
4779 0.0
4780 0.0
4781 0.0
4782 0.0
4783 0.0
4784 0.0
4785 0.0
4786 0.0
4787 0.0
4788 0.0
4789 0.0
4790 0.0
4791 0.0
4792 0.0
4793 0.0
4794 0.0
4795 0.0
4796 0.0
4797 0.0
4798 0.0
4799 0.0
4800 0.0
4801 0.0
4802 0.0
4803 0.0
4804 0.0
4805 0.0
4806 0.0
4807 0.0
4808 0.0
4809 0.0
4810 0.0
4811 0.0
4812 0.0
4813 0.0
4814 0.0
4815 0.0
4816 0.0
4817 0.0
4818 0.0
4819 0.0
4820 0.0
4821 0.0
4822 0.0
4823 0.0
4824 0.0
4825 0.0
4826 0.0
4827 0.0
4828 0.0
4829 0.0
4830 0.0
4831 0.0
4832 0.0
4833 0.0
4834 0.0
4835 0.0
4836 0.0
4837 0.0
4838 0.0
4839 0.0
4840 0.0
4841 0.0
4842 0.0
4843 0.0
4844 0.0
4845 0.0
4846 0.0
4847 0.0
4848 0.0
4849 0.0
4850 0.0
4851 0.0
4852 0.0
4853 0.0
4854 0.0
4855 0.0
4856 0.0
4857 0.0
4858 0.0
4859 0.0
4860 0.0
4861 0.0
4862 0.0
4863 0.0
4864 0.0
4865 0.0
4866 0.0
4867 0.0
4868 0.0
4869 0.0
4870 0.0
4871 0.0
4872 0.0
4873 0.0
4874 0.0
4875 0.0
4876 0.0
4877 0.0
4878 0.0
4879 0.0
4880 0.0
4881 0.0
4882 0.0
4883 0.0
4884 0.0
4885 0.0
4886 0.0
4887 0.0
4888 0.0
4889 0.0
4890 0.0
4891 0.0
4892 0.0
4893 0.0
4894 0.0
4895 0.0
4896 0.0
4897 0.0
4898 0.0
4899 0.0
4900 0.0
4901 0.0
4902 0.0
4903 0.0
4904 0.0
4905 0.0
4906 0.0
4907 0.0
4908 0.0
4909 0.0
4910 0.0
4911 0.0
4912 0.0
4913 0.0
4914 0.0
4915 0.0
4916 0.0
4917 0.0
4918 0.0
4919 0.0
4920 0.0
4921 0.0
4922 0.0
4923 0.0
4924 0.0
4925 0.0
4926 0.0
4927 0.0
4928 0.0
4929 0.0
4930 0.0
4931 0.0
4932 0.0
4933 0.0
4934 0.0
4935 0.0
4936 0.0
4937 0.0
4938 0.0
4939 0.0
4940 0.0
4941 0.0
4942 0.0
4943 0.0
4944 0.0
4945 0.0
4946 0.0
4947 0.0
4948 0.0
4949 0.0
4950 0.0
4951 0.0
4952 0.0
4953 0.0
4954 0.0
4955 0.0
4956 0.0
4957 0.0
4958 0.0
4959 0.0
4960 0.0
4961 0.0
4962 0.0
4963 0.0
4964 0.0
4965 0.0
4966 0.0
4967 0.0
4968 0.0
4969 0.0
4970 0.0
4971 0.0
4972 0.0
4973 0.0
4974 0.0
4975 0.0
4976 0.0
4977 0.0
4978 0.0
4979 0.0
4980 0.0
4981 0.0
4982 0.0
4983 0.0
4984 0.0
4985 0.0
4986 0.0
4987 0.0
4988 0.0
4989 0.0
4990 0.0
4991 0.0
4992 0.0
4993 0.0
4994 0.0
4995 0.0
4996 0.0
4997 0.0
4998 0.0
4999 0.0
