0 0.22107988373531828
1 0.12761572186536066
2 0.07562801550188597
3 0.03583559414120117
4 0.009901242866187914
5 0.0055717660962562475
6 0.0019513494151859345
7 0.0010715890339317304
8 0.0005416985418880986
9 0.00022278312282161168
10 9.68497797178568e-05
11 4.385533314509917e-05
12 2.8732490802349248e-05
13 1.0456030953270225e-05
14 5.081904407201047e-06
15 2.7974183751696717e-06
16 1.8118928854103353e-06
17 8.244804712501249e-07
18 4.658217749813625e-07
19 1.984405896213668e-07
20 1.1489060439808521e-07
21 4.31796602370586e-08
22 1.764494967777864e-08
23 8.846625657757375e-09
24 6.085166967407205e-09
25 3.633102078259436e-09
26 1.42922114766978e-09
27 4.816990512817299e-10
28 2.6661921971731314e-10
29 1.2785803083090067e-10
30 7.205325568438222e-11
31 2.8208618054539313e-11
32 1.254192485641068e-11
33 5.8250888749896234e-12
34 2.9417847955367365e-12
35 1.4405876628453862e-12
36 6.7198062063895e-13
37 3.8888405342386557e-13
38 2.282528135272003e-13
39 1.0605715645022825e-13
40 7.033923173270488e-14
41 3.1679177902932035e-14
42 1.3100535431352111e-14
43 5.05461218856632e-15
44 3.119324236119861e-15
45 1.2357104639332834e-15
46 5.359189295080441e-16
47 2.358184425100991e-16
48 9.933639374843751e-17
49 5.405396697062391e-17
50 2.5684697555780925e-17
51 1.363520186939987e-17
52 4.554248629803225e-18
53 2.1308292914102373e-18
54 1.0171857218464854e-18
55 4.783461658495639e-19
56 3.696594835735323e-19
57 1.7619033062320166e-19
58 9.236567116550503e-20
59 4.9559511581445e-20
60 2.394898758927167e-20
61 1.53922448281543e-20
62 6.974740984053414e-21
63 2.575038200921603e-21
64 1.5696766563513336e-21
65 7.838739552257171e-22
66 3.85776874334993e-22
67 1.9193352992972707e-22
68 6.40926395959976e-23
69 2.90910842376033e-23
70 1.395121802953325e-23
71 9.795197123207641e-24
72 5.826629601823997e-24
73 4.0996149103059235e-24
74 1.7026212084327748e-24
75 8.396078104820169e-25
76 3.650876416866987e-25
77 2.3910950228298596e-25
78 9.584459707976512e-26
79 3.934528672671828e-26
80 2.0781135463270784e-26
81 1.108662550923945e-26
82 4.849952999119221e-27
83 3.069717325560448e-27
84 1.3968217645899579e-27
85 3.7893642395283205e-28
86 2.3200610146562902e-28
87 9.498955457828106e-29
88 5.215207634584988e-29
89 3.332770005528996e-29
90 1.6925616663237025e-29
91 8.367062844577362e-30
92 4.546321693994639e-30
93 2.176325966545338e-30
94 1.072784562609839e-30
95 3.889090870278137e-31
96 2.157509324081359e-31
97 1.0450591215658624e-31
98 4.9055307993669215e-32
99 2.7266370984843446e-32
100 1.2804488005725408e-32
101 5.3141978239002536e-33
102 3.069153362626094e-33
103 1.0415326386580512e-33
104 6.683201928686674e-34
105 2.722549332236687e-34
106 1.3366834354958975e-34
107 6.386296486312283e-35
108 3.412581304479099e-35
109 2.116517349653818e-35
110 8.894171575756429e-36
111 3.2947154816224644e-36
112 1.904371301356725e-36
113 9.233645440967298e-37
114 4.173346064739467e-37
115 2.7715947838418496e-37
116 1.5561492918969763e-37
117 7.459550007971147e-38
118 4.287423142957992e-38
119 2.744523696717834e-38
120 1.1937667185217716e-38
121 3.8154286614407105e-39
122 2.087791263848953e-39
123 1.090361758957038e-39
124 5.554478346865358e-40
125 2.2898062439722784e-40
126 9.82926827350773e-41
127 5.035661160420136e-41
128 3.000724854796963e-41
129 1.8845102771960752e-41
130 7.415763231516073e-42
131 3.199326764891569e-42
132 1.6883493595973843e-42
133 6.669098538626403e-43
134 2.7519931329460613e-43
135 2.012146415454645e-43
136 1.0037051957023228e-43
137 4.727970216627003e-44
138 1.7695047215827083e-44
139 7.744247449800888e-45
140 4.100314512181726e-45
141 2.6811104626210113e-45
142 1.5920013550757266e-45
143 6.221774838424959e-46
144 2.7294295591322755e-46
145 1.77927836104636e-46
146 8.347746317775503e-47
147 4.015832940512397e-47
148 1.6025610448471329e-47
149 9.358734885155628e-48
150 4.772700904440701e-48
151 2.1552531358192606e-48
152 9.279456378312123e-49
153 4.0750949325588444e-49
154 1.7002604322840141e-49
155 1.1766341377800127e-49
156 5.767625288877834e-50
157 2.8274475573478903e-50
158 1.4314756521614428e-50
159 6.822529396292102e-51
160 3.6084856555746374e-51
161 1.5175081873466988e-51
162 8.806502996822512e-52
163 4.147854900864309e-52
164 1.5731435437094675e-52
165 1.0149820681573364e-52
166 8.249195840371412e-53
167 2.9016626760520543e-53
168 1.8373461237858832e-53
169 1.049058140446267e-53
170 4.2193312925971217e-54
171 2.5020266051798483e-54
172 1.4528072087733668e-54
173 7.538966735850025e-55
174 3.228213353074735e-55
175 1.269504634917531e-55
176 6.257330890863345e-56
177 2.719263024260599e-56
178 7.778740987898088e-57
179 3.42419922921184e-57
180 2.0617505086180177e-57
181 1.3063021792515925e-57
182 6.293032191683582e-58
183 3.900200112471794e-58
184 2.1273346437342007e-58
185 6.805031554327926e-59
186 4.782593207301759e-59
187 1.8723299973545953e-59
188 1.1076932890039202e-59
189 7.753423602740835e-60
190 2.704009835843766e-60
191 1.1613794312196524e-60
192 6.349342853097762e-61
193 2.5206539970053963e-61
194 1.7095939601305953e-61
195 6.042432929079405e-62
196 2.9424660335049323e-62
197 1.2681555623712888e-62
198 5.916163156536636e-63
199 2.9311435059955935e-63
200 1.7460174690604807e-63
201 9.504844000806212e-64
202 2.8750586210556687e-64
203 1.2887355419623951e-64
204 7.7556435221022e-65
205 3.451962933718059e-65
206 1.5520590783566257e-65
207 9.322922710365273e-66
208 4.2987207968203795e-66
209 2.564025284095704e-66
210 8.241862398498198e-67
211 5.37131557048001e-67
212 3.9928598556979493e-67
213 2.697276294058545e-67
214 1.0721284133630257e-67
215 4.843697969448172e-68
216 3.064330424841695e-68
217 1.7898225563233757e-68
218 5.41088078380905e-69
219 3.3893623129820634e-69
220 1.4433806963663294e-69
221 7.548383768680184e-70
222 2.9115784820990114e-70
223 1.2884757338394382e-70
224 7.405759462107911e-71
225 3.595085447907108e-71
226 1.5531709102184524e-71
227 1.2053531317487554e-71
228 8.767838300804404e-72
229 2.5440555241452905e-72
230 7.614111806825232e-73
231 3.652097580746671e-73
232 2.058531409174858e-73
233 1.4577564924091993e-73
234 7.723710582149053e-74
235 4.484114227631646e-74
236 2.327929444438362e-74
237 1.0593904147126548e-74
238 2.651361119067662e-75
239 1.4649261346187285e-75
240 9.656622336763046e-76
241 3.115767412999084e-76
242 1.6562489786086547e-76
243 9.063671050802267e-77
244 5.694564669798996e-77
245 2.9451356666485218e-77
246 1.3642890332203413e-77
247 6.286667873576615e-78
248 2.8869700334913006e-78
249 1.4672474064823326e-78
250 8.287781275588999e-79
251 4.44427446125848e-79
252 2.300514209553101e-79
253 9.429584602513655e-80
254 3.9890967581126535e-80
255 1.816057276130404e-80
256 1.6131333102815293e-80
257 9.435066128405095e-81
258 3.168813865854664e-81
259 1.4799838582090174e-81
260 8.68101076408309e-82
261 4.266976262985609e-82
262 3.29355609499191e-82
263 1.9098606709766684e-82
264 1.358467478742718e-82
265 4.555946281647532e-83
266 1.5457301225695542e-83
267 3.759978409164122e-84
268 1.7727888108241288e-84
269 6.953687065616793e-85
270 4.6664910687652357e-85
271 2.173556447932416e-85
272 1.5752276776101903e-85
273 1.10107247106021e-85
274 6.49175376382165e-86
275 2.3331878874016317e-86
276 1.138466914596703e-86
277 3.5730606119372704e-87
278 2.231587931288686e-87
279 1.6714597559512272e-87
280 5.019921109400535e-88
281 2.6065777382795697e-88
282 1.486180873318139e-88
283 1.130958521554563e-88
284 6.761976054238686e-89
285 3.688016327479667e-89
286 6.816513158737259e-90
287 3.3289470454264165e-90
288 2.3842496308720166e-90
289 1.6638767061387127e-90
290 1.000048963923117e-90
291 4.93142834485505e-91
292 3.6723325503890764e-91
293 1.1719409159990971e-91
294 1.0962598580838298e-91
295 2.3258578632351646e-92
296 1.3069037768903195e-92
297 9.315517033756413e-93
298 2.552095403981631e-93
299 1.544790046865469e-93
300 4.641538362030635e-94
301 3.452288872445748e-94
302 1.7478090664016664e-94
303 7.662413243611236e-95
304 3.5670442830181456e-95
305 2.5000191343079086e-95
306 1.0405841106358997e-95
307 4.111846678712382e-96
308 2.109243378997649e-96
309 7.185688116509836e-97
310 3.9126587128867743e-97
311 1.2834711395001708e-97
312 4.851126996656259e-98
313 2.691776438446487e-98
314 1.9883309472721968e-98
315 1.1695781977874462e-98
316 6.523676347704752e-99
317 3.247228288634131e-99
318 1.980648732960104e-99
319 6.562477460242117e-100
320 3.4889002552500736e-100
321 1.8387121921759536e-100
322 1.360219319766335e-100
323 6.896019533125742e-101
324 3.938036000983596e-101
325 1.692251610343203e-101
326 1.3199487137374409e-101
327 5.08433678148957e-102
328 1.5303096013306898e-102
329 7.862840802241463e-103
330 4.3991617178778164e-103
331 2.698789241834962e-103
332 1.8034527442840544e-103
333 9.0231183437914e-104
334 3.10775821953066e-104
335 1.8004572783740177e-104
336 6.45733184328803e-105
337 2.9113038823331166e-105
338 1.771191850647752e-105
339 8.815142824686403e-106
340 2.867986206778667e-106
341 1.6093575242623142e-106
342 7.398687865736087e-107
343 3.541487375663547e-107
344 1.0691233365386266e-107
345 7.257821420328178e-108
346 3.830737235491419e-108
347 1.8549757940292337e-108
348 1.3369539660539183e-108
349 5.6063695529288905e-109
350 2.1602012386533406e-109
351 1.6497714432222065e-109
352 6.503021291117954e-110
353 3.5308396717725926e-110
354 2.1569542401549037e-110
355 1.1447072368780258e-110
356 6.111976658920927e-111
357 1.6602997544309435e-111
358 1.126108182814347e-111
359 3.9258980506076706e-112
360 2.807930846468039e-112
361 1.2175066455995985e-112
362 6.682635847968858e-113
363 2.538512845775508e-113
364 9.757250333390154e-114
365 4.8253516344876036e-114
366 3.855206266175622e-114
367 1.551809330019373e-114
368 7.82828400924965e-115
369 3.985583949613191e-115
370 2.4779241339169365e-115
371 1.586106854305072e-115
372 8.35952508743345e-116
373 5.535222834459458e-116
374 1.340236398067177e-116
375 8.161160155943503e-117
376 1.9054404028894088e-117
377 1.0675529941675651e-117
378 4.973643988992232e-118
379 3.1454718367225014e-118
380 1.8380817916744136e-118
381 5.480832340520594e-119
382 2.6288829742677327e-119
383 1.0513570659119487e-119
384 7.967586522598535e-120
385 4.469668407696264e-120
386 2.7427809265257705e-120
387 1.6868274806841926e-120
388 8.280276174721517e-121
389 3.4698067081089766e-121
390 1.4842276427887618e-121
391 1.0860010169200545e-121
392 3.334132484326281e-122
393 2.1346079795184692e-122
394 1.2758714264471018e-122
395 6.533080300412413e-123
396 2.6708206449072637e-123
397 1.3309262287257836e-123
398 6.786765300879e-124
399 3.4269145824371557e-124
400 2.1459627628678523e-124
401 8.709830264475498e-125
402 5.251109210750972e-125
403 2.8275705776121855e-125
404 1.0804589982766e-125
405 5.455241351632856e-126
406 2.9294482675084152e-126
407 1.871175570923007e-126
408 9.755928039723134e-127
409 5.081281439229156e-127
410 2.3200597657862764e-127
411 1.0000722444898665e-127
412 5.29087705368433e-128
413 3.2494309766013513e-128
414 1.9821800485353303e-128
415 1.1183493057343085e-128
416 7.137244167991455e-129
417 3.50407680662417e-129
418 7.533547235231685e-130
419 3.9996262057581084e-130
420 1.4096383145993756e-130
421 6.50677601088397e-131
422 4.1672219336168026e-131
423 2.4047666085654194e-131
424 1.5914466380130728e-131
425 5.1772578101848935e-132
426 4.1509869130734034e-132
427 2.0014170042782767e-132
428 7.916799118066143e-133
429 4.543703475145275e-133
430 3.2871828144734733e-133
431 1.0181013020989654e-133
432 2.450215036001329e-134
433 1.8391205669559212e-134
434 6.030494442729422e-135
435 4.267840532210569e-135
436 2.3186826231681594e-135
437 1.1870463631147893e-135
438 6.587685551920217e-136
439 3.791703329045693e-136
440 1.5588391028852888e-136
441 6.454897679292326e-137
442 3.6389377926860058e-137
443 2.1965854883885165e-137
444 1.0074626923083404e-137
445 3.397580626867977e-138
446 1.715193325018744e-138
447 1.3880457262654476e-138
448 8.508105712946918e-139
449 1.7705919654150212e-139
450 9.447111673009873e-140
451 3.8603517112779534e-140
452 1.510309071722251e-140
453 1.1003823667183442e-140
454 6.510695964341199e-141
455 4.676251774478532e-141
456 1.9913108413323118e-141
457 6.84538206381093e-142
458 2.7884089878907814e-142
459 1.2178157198702618e-142
460 7.326675444830562e-143
461 3.872660052330669e-143
462 2.30651079469621e-143
463 1.0050871279510716e-143
464 6.617168709214868e-144
465 3.8122455506861095e-144
466 1.4197603542754431e-144
467 6.2886473216065456e-145
468 3.875023012871677e-145
469 1.5101300952845607e-145
470 7.3578425498457245e-146
471 3.7218639687492347e-146
472 1.876576629625359e-146
473 7.89064353862215e-147
474 4.54147347834402e-147
475 2.4909173025161663e-147
476 8.421819796855684e-148
477 5.044669808325387e-148
478 3.2586089718929104e-148
479 1.0825189011486763e-148
480 5.1520731314269514e-149
481 2.8609029632336183e-149
482 1.6936112978209405e-149
483 8.205045418780479e-150
484 3.944063502905277e-150
485 1.6700879251565596e-150
486 1.2992554776599535e-150
487 6.133688324203484e-151
488 2.542671188509458e-151
489 9.615005286317192e-152
490 7.156958204827802e-152
491 3.6064219009256444e-152
492 2.5731462983108937e-152
493 9.209590093013085e-153
494 3.649587225135363e-153
495 2.1725591406952863e-153
496 1.0086059839885724e-153
497 5.712038039015748e-154
498 2.555395848311669e-154
499 1.6973150092959797e-154
500 7.872590053154935e-155
501 6.49727163718982e-155
502 1.2461877018197566e-155
503 6.749833029351041e-156
504 4.0631706284878146e-156
505 2.0607276619164606e-156
506 4.515177912136382e-157
507 2.5889281652108552e-157
508 1.2823253054626398e-157
509 6.4641679292260705e-158
510 4.436427521059069e-158
511 2.0320319517752424e-158
512 1.4154119413491071e-158
513 8.300294217109701e-159
514 5.80472700253637e-159
515 3.618524418772442e-159
516 7.568620495970784e-160
517 3.360757226526293e-160
518 1.6415433303142107e-160
519 7.850512539464247e-161
520 5.1978215621879224e-161
521 3.062061951166583e-161
522 2.0049102796169063e-161
523 1.4485851279193443e-161
524 2.1992348444413912e-162
525 1.5554100159805715e-162
526 1.1602388331616096e-162
527 9.058594419970383e-163
528 2.823377742249726e-163
529 8.55056523657286e-164
530 3.2125722285904023e-164
531 2.6993015541155526e-164
532 1.574763828157927e-164
533 1.001544718346368e-164
534 4.993167943633475e-165
535 1.6149164157122659e-165
536 1.3579952912153503e-165
537 1.1726610261379735e-165
538 4.0629637006585217e-166
539 2.2029774451010127e-166
540 9.32630947649985e-167
541 1.443274199675057e-167
542 1.1080428264822359e-167
543 5.230261969460217e-168
544 1.9271178840766745e-168
545 1.2206340884010155e-168
546 6.970208671149168e-169
547 2.0657267874746742e-169
548 1.4243959336075354e-169
549 7.038579385911383e-170
550 3.2979325065974573e-170
551 2.2777784574051142e-170
552 9.923960476477727e-171
553 4.472084666201288e-171
554 2.27093357148797e-171
555 7.44292423222104e-172
556 2.2502186159824895e-172
557 1.2756077860396469e-172
558 9.532474492918937e-173
559 4.8861672669593974e-173
560 2.401361531773065e-173
561 1.213936482922532e-173
562 7.962240822572739e-174
563 4.681461860080105e-174
564 1.7278142370521822e-174
565 9.874711680134533e-175
566 4.289214001369329e-175
567 2.731807502001277e-175
568 1.1896432535973237e-175
569 4.2183581081818505e-176
570 2.567496402089678e-176
571 1.2909771165760714e-176
572 6.305084425511876e-177
573 3.1007274971410786e-177
574 2.3619453799853424e-177
575 9.527446169541679e-178
576 6.369440104668997e-178
577 2.670302490329276e-178
578 9.424072410075632e-179
579 4.9324294904912986e-179
580 1.976071943369069e-179
581 1.556089733489255e-179
582 5.907412625058332e-180
583 2.446599049343677e-180
584 1.7744940695067987e-180
585 6.693034921568165e-181
586 4.8156927761945683e-181
587 3.573080765216213e-181
588 2.6547928831958645e-181
589 6.144011926415606e-182
590 3.251041570415318e-182
591 8.206088611589187e-183
592 5.318651950648495e-183
593 2.4515359008774103e-183
594 1.4890877691366367e-183
595 9.330478213852094e-184
596 2.695527288004678e-184
597 1.4840584337239944e-184
598 6.02091358733637e-185
599 4.360194142874544e-185
600 2.2893293074980006e-185
601 1.3618974462937169e-185
602 1.1574810404497061e-185
603 3.6296304854891965e-186
604 1.296836406244287e-186
605 4.3796520124756444e-187
606 2.589550962865383e-187
607 1.240788508548754e-187
608 4.773535178719493e-188
609 2.9656506338241166e-188
610 2.079013422970489e-188
611 1.414253171000973e-188
612 4.177023807568383e-189
613 2.5127242318671053e-189
614 2.0734879540511822e-189
615 1.293591146042621e-189
616 5.543735249578649e-190
617 2.810596182918578e-190
618 6.244862068157665e-191
619 4.2283562916777535e-191
620 2.703599102864758e-191
621 2.0583781797836738e-191
622 1.3131707508823455e-191
623 5.802556102493697e-192
624 9.068623987630751e-193
625 6.593584817108572e-193
626 2.68998131907418e-193
627 1.0731568346771479e-193
628 5.008833141095673e-194
629 3.1982079919920704e-194
630 1.8179497487292853e-194
631 8.441345310216478e-195
632 5.943811421117411e-195
633 2.9927529370765833e-195
634 1.4844376060946448e-195
635 5.863178119687686e-196
636 3.086950312608097e-196
637 1.4687786726165898e-196
638 6.266967220263442e-197
639 4.201014673277752e-197
640 2.238034856350149e-197
641 7.765994184472901e-198
642 6.296384388871248e-198
643 3.417701580057391e-198
644 2.0964961058065402e-198
645 1.77041974901084e-198
646 3.7799269088674524e-199
647 1.5537999497242365e-199
648 8.499103472901283e-200
649 4.560489482833078e-200
650 2.3565222564571788e-200
651 1.5592350235659788e-200
652 8.193570264369092e-201
653 3.1540672419152054e-201
654 1.3313296691974824e-201
655 5.25091652279288e-202
656 3.3597094614699126e-202
657 2.8638107674129638e-202
658 1.708848927099163e-202
659 6.732152073192658e-203
660 2.3266569592104675e-203
661 1.387494116325197e-203
662 2.937834473937385e-204
663 2.483780266867658e-204
664 1.9388657715040346e-204
665 5.365663372114799e-205
666 2.4354221382161716e-205
667 1.140892030992287e-205
668 6.897018145800815e-206
669 4.9229926733843384e-206
670 2.897483148218089e-206
671 9.13650533443591e-207
672 4.709997628807202e-207
673 3.9617666250331655e-207
674 3.1809062199959474e-207
675 1.7667842761673567e-207
676 9.554234680485138e-208
677 2.730171925514086e-208
678 6.658873013187574e-209
679 7.082396719958323e-210
680 3.076227861104014e-210
681 1.8036489618881542e-210
682 1.4305381694010496e-210
683 1.2574934120437664e-210
684 6.943057638869108e-211
685 5.604306202075758e-211
686 2.2906694803153403e-211
687 7.968061073775939e-212
688 3.844414673914894e-212
689 1.3309457034750258e-212
690 6.90004495454895e-213
691 4.8402848099039864e-213
692 2.076387377374298e-213
693 1.2224615052015213e-213
694 6.8862621231922654e-214
695 5.674741374707261e-214
696 1.1247574534031515e-214
697 4.450277085744837e-215
698 2.5647620979141834e-215
699 1.9192376563369088e-215
700 8.271140344181395e-216
701 2.3864250466834622e-216
702 1.8956534277690035e-216
703 1.1537287809939845e-216
704 4.448195168940222e-217
705 2.876887791132417e-217
706 1.3810300159634648e-217
707 1.022721592027076e-217
708 5.883689475670204e-218
709 2.824083094744653e-218
710 1.5029975177624037e-218
711 8.235105297636127e-219
712 2.319380921786524e-219
713 1.1297332319177747e-219
714 3.3219137071445886e-220
715 1.984232981317469e-220
716 1.478885882251433e-220
717 9.713794958506296e-221
718 2.1635085785037912e-221
719 1.6785276022464873e-221
720 1.552221001083831e-221
721 9.488940658950482e-222
722 3.0572148271043413e-222
723 1.0781937700881285e-222
724 7.406397326042731e-223
725 5.2498986920032626e-223
726 3.2104912815045394e-223
727 1.326284823777703e-223
728 5.581653461332188e-224
729 1.9182414194474562e-224
730 8.180840303921792e-225
731 4.254305280991275e-225
732 1.9632734275730808e-225
733 1.2610275072328952e-225
734 6.024134628902292e-226
735 4.7433376961982975e-226
736 2.5757539225866832e-226
737 6.218791175043077e-227
738 2.296006691282804e-227
739 1.402714361957131e-227
740 1.0724549764288007e-227
741 5.616570632960821e-228
742 2.322748839007038e-228
743 3.0965561915090816e-229
744 2.1103336496494e-229
745 1.5309561925213937e-229
746 7.522642210648313e-230
747 5.239664818542231e-230
748 2.3216347745602186e-230
749 1.3613616354090899e-230
750 9.906402190346251e-231
751 3.572957563711439e-231
752 2.750934467195002e-231
753 2.380329396242581e-231
754 4.344361519722192e-232
755 2.366307199522341e-232
756 9.717175280097139e-233
757 6.184883937759704e-233
758 5.187883200117444e-233
759 2.737891897506462e-233
760 7.034009462434044e-234
761 3.9590391194372763e-234
762 3.254059598409847e-234
763 2.737750535624598e-234
764 2.241517107523061e-234
765 4.76846198239491e-235
766 1.897594599805105e-235
767 7.359274726849306e-236
768 1.696955143393784e-236
769 1.3689530260153476e-236
770 6.619471938489258e-237
771 5.362815073670615e-237
772 1.5021344054490264e-237
773 1.0932537372159365e-237
774 9.700855735615097e-238
775 7.700060687809585e-238
776 4.177401899427555e-238
777 8.78385889048769e-239
778 6.3611230942483505e-239
779 1.355959581299456e-239
780 1.0014215156783518e-239
781 3.6962315680389284e-240
782 2.41249751827472e-240
783 1.2038034863261974e-240
784 9.371921701997689e-241
785 4.936540904523934e-241
786 4.01185125991856e-241
787 2.4727214734656916e-241
788 6.791099178487417e-242
789 8.65614237278509e-243
790 4.2807803312222966e-243
791 3.8031944121276345e-243
792 8.792056538922123e-244
793 4.6494914863602784e-244
794 3.861728953245733e-244
795 1.1634803838445839e-244
796 6.03191188339405e-245
797 4.764786377720936e-245
798 1.8312258305284384e-245
799 1.3893062594391661e-245
800 7.922477227872699e-246
801 2.882482979645795e-246
802 2.0974519286044614e-246
803 1.0191899295306613e-246
804 5.862335652898494e-247
805 5.303180333556007e-248
806 3.981529848699902e-248
807 2.1547892642893752e-248
808 1.574939717209412e-248
809 1.4450447280745183e-248
810 6.785003838873865e-249
811 5.284915942085046e-249
812 1.5284841226442683e-249
813 1.441896233889361e-249
814 1.981004430394184e-250
815 1.7094289292464205e-250
816 1.5137535055621407e-250
817 1.5965818651841241e-251
818 9.880063948908965e-252
819 7.251368561706082e-252
820 5.636555065940422e-252
821 2.129240481687275e-252
822 9.41179496859502e-253
823 7.71418172080195e-253
824 5.3040283063591813e-253
825 2.764659011131738e-253
826 1.5910375622337572e-253
827 6.736010893782376e-254
828 3.584234093007139e-254
829 1.6491263439182028e-254
830 5.930535091599239e-255
831 4.089065306749118e-255
832 1.4622410353234453e-255
833 1.0805565417668208e-255
834 2.219778937495078e-256
835 1.8986768109317963e-256
836 1.5264003676290682e-256
837 7.130446698028577e-257
838 4.071156620988647e-257
839 2.0505404747995525e-257
840 3.529261170119607e-258
841 9.77782931798052e-259
842 3.36616144811764e-259
843 2.4402794273622065e-259
844 1.6822138959524157e-259
845 6.90630457188522e-260
846 2.0870426652076088e-260
847 1.6655148625812447e-260
848 1.5957175425436505e-260
849 5.045370315158248e-261
850 2.969188969766075e-261
851 1.859054184042308e-261
852 3.612262911825448e-262
853 2.611425721181674e-262
854 1.2252913988594656e-262
855 5.955523429373492e-263
856 4.095447418386993e-263
857 2.401107376945412e-263
858 9.262450639161655e-264
859 4.728698535270648e-264
860 2.214715496260641e-264
861 1.329033725838114e-264
862 7.615407622740641e-265
863 4.227003985092001e-265
864 2.3470601450620907e-265
865 1.1556681478789627e-265
866 3.736378990601748e-266
867 1.5090325120100984e-266
868 7.77549126227531e-267
869 3.35546809515099e-267
870 1.3261435401444897e-267
871 5.386677046439075e-268
872 3.0793645954699316e-268
873 2.3015674302618324e-268
874 1.605949158503388e-268
875 1.0582938653306272e-268
876 7.834237156097459e-269
877 1.9422324757808334e-269
878 6.159200064148484e-270
879 2.1480765890734586e-270
880 1.3935635349453422e-270
881 5.993709605509849e-271
882 3.550667768613253e-271
883 2.427125751169358e-271
884 9.222693752407776e-272
885 5.357890716143145e-272
886 2.6254775120084078e-272
887 1.2603253462430924e-272
888 6.29197735842675e-273
889 3.683983589583212e-273
890 2.102386270528052e-273
891 4.870025456551555e-274
892 1.7935675560717345e-274
893 1.3586414890758605e-274
894 1.0358385021350538e-274
895 3.003535508967698e-275
896 1.550441990534804e-275
897 9.645277664333943e-276
898 7.824663828063218e-276
899 1.6530701457418154e-276
900 1.1653247317299543e-276
901 4.902284014267768e-277
902 3.517047307548264e-277
903 1.8368629100536743e-277
904 1.1512711918001113e-277
905 7.877541392429031e-278
906 4.653422244678957e-278
907 1.8642752174112206e-278
908 5.718791812288689e-279
909 2.234061445941163e-279
910 9.737649369247191e-280
911 3.563506350936852e-280
912 3.1238237465296465e-280
913 2.1561090725431397e-280
914 9.396804105028181e-281
915 2.652121159467044e-281
916 1.8277155562027364e-281
917 1.1063379630882426e-281
918 7.860136693775778e-282
919 3.694775081560967e-282
920 1.0330093132647213e-282
921 4.715677459429755e-283
922 3.3866485279597904e-283
923 1.724636678023236e-283
924 8.688840471113652e-284
925 5.3576514485005826e-284
926 1.9855448362619916e-284
927 1.2727206530951541e-284
928 5.6201748227780135e-285
929 3.4607599039976584e-285
930 1.1852451865927352e-285
931 6.767254756177545e-286
932 1.7523806221829117e-286
933 1.3001155741207172e-286
934 6.956250054378118e-287
935 3.7323263552962986e-287
936 1.0046650649164819e-287
937 4.248989364678542e-288
938 3.108926003464516e-288
939 2.589044502038462e-288
940 9.998973490623061e-289
941 5.416046237509686e-289
942 1.4958161930603228e-289
943 1.0187944532462971e-289
944 7.14483437668296e-290
945 5.2628664628075e-290
946 3.086723802127452e-290
947 2.272603134284241e-290
948 6.568246216314587e-291
949 4.9069059340467254e-291
950 2.1566061610803096e-291
951 6.538483515083022e-292
952 3.1690139358822294e-292
953 1.6424284882972332e-292
954 6.286913800549175e-293
955 3.557933964475561e-293
956 2.0721946106059106e-293
957 7.68581352561391e-294
958 3.509568654288718e-294
959 2.05809440433124e-294
960 6.029829891179931e-295
961 5.2979458808939884e-295
962 2.3374928818893653e-295
963 1.5066877899073058e-295
964 8.266755402619531e-296
965 3.3938368373910294e-296
966 1.4802232335573147e-296
967 1.1009283447064906e-296
968 3.435563391351024e-297
969 1.9769209651381513e-297
970 7.4838356835353245e-298
971 5.590483332627588e-298
972 3.4499132988127526e-298
973 1.7295465360514094e-298
974 6.733495089187115e-299
975 3.272736770999914e-299
976 2.329509820649882e-299
977 1.167169736182571e-299
978 6.202819499316395e-300
979 2.9722600602795792e-300
980 7.934496104909592e-301
981 6.3506695993718855e-301
982 4.7408443959706445e-301
983 5.39608202600018e-302
984 3.5876619842468024e-302
985 2.8940864660485377e-302
986 1.6504010939758396e-302
987 9.008095131651963e-303
988 5.270535773625656e-303
989 2.549539774235044e-303
990 1.860171588929092e-303
991 4.589027604716656e-304
992 3.5559682202633095e-304
993 1.2553268927306356e-304
994 8.006554531431917e-305
995 3.25765113838417e-305
996 1.4444891975405054e-305
997 4.218213398043958e-306
998 2.6673976595582548e-306
999 5.269119593682084e-307
1000 3.3858791718704895e-307
1001 2.2348762039065006e-307
1002 9.667385749496753e-308
1003 4.985592491574585e-308
1004 3.710450045862367e-308
1005 2.8699544155722453e-308
1006 2.064051965589176e-308
1007 7.386273723358844e-309
1008 5.67229807010115e-309
1009 2.312451172156583e-309
1010 1.05053595861806e-309
1011 5.13095752302363e-310
1012 2.71364131291913e-310
1013 9.903951625206e-311
1014 5.6228364800017e-311
1015 2.618956919174e-311
1016 1.689639828844e-311
1017 7.07368642592e-312
1018 2.24135337496e-312
1019 1.29511834414e-312
1020 7.4682317156e-313
1021 3.24030791947e-313
1022 1.43170323356e-313
1023 6.6746444925e-314
1024 4.6740041716e-314
1025 2.656473801e-314
1026 6.680552785e-315
1027 3.024268856e-315
1028 2.009033972e-315
1029 1.27629284e-315
1030 8.32442635e-316
1031 5.73732906e-316
1032 2.18370197e-316
1033 9.3194007e-317
1034 4.676712e-317
1035 2.6119235e-317
1036 1.874885e-317
1037 1.1423504e-317
1038 2.25995e-318
1039 1.494405e-318
1040 8.6462e-319
1041 7.0963e-319
1042 3.05955e-319
1043 9.387e-320
1044 6.7114e-320
1045 1.877e-320
1046 8.167e-321
1047 4.017e-321
1048 1.537e-321
1049 8.15e-322
1050 6.13e-322
1051 4.1e-322
1052 2.3e-322
1053 5e-323
1054 1.5e-323
1055 5e-324
1056 5e-324
1057 0.0
1058 0.0
1059 0.0
1060 0.0
1061 0.0
1062 0.0
1063 0.0
1064 0.0
1065 0.0
1066 0.0
1067 0.0
1068 0.0
1069 0.0
1070 0.0
1071 0.0
1072 0.0
1073 0.0
1074 0.0
1075 0.0
1076 0.0
1077 0.0
1078 0.0
1079 0.0
1080 0.0
1081 0.0
1082 0.0
1083 0.0
1084 0.0
1085 0.0
1086 0.0
1087 0.0
1088 0.0
1089 0.0
1090 0.0
1091 0.0
1092 0.0
1093 0.0
1094 0.0
1095 0.0
1096 0.0
1097 0.0
1098 0.0
1099 0.0
1100 0.0
1101 0.0
1102 0.0
1103 0.0
1104 0.0
1105 0.0
1106 0.0
1107 0.0
1108 0.0
1109 0.0
1110 0.0
1111 0.0
1112 0.0
1113 0.0
1114 0.0
1115 0.0
1116 0.0
1117 0.0
1118 0.0
1119 0.0
1120 0.0
1121 0.0
1122 0.0
1123 0.0
1124 0.0
1125 0.0
1126 0.0
1127 0.0
1128 0.0
1129 0.0
1130 0.0
1131 0.0
1132 0.0
1133 0.0
1134 0.0
1135 0.0
1136 0.0
1137 0.0
1138 0.0
1139 0.0
1140 0.0
1141 0.0
1142 0.0
1143 0.0
1144 0.0
1145 0.0
1146 0.0
1147 0.0
1148 0.0
1149 0.0
1150 0.0
1151 0.0
1152 0.0
1153 0.0
1154 0.0
1155 0.0
1156 0.0
1157 0.0
1158 0.0
1159 0.0
1160 0.0
1161 0.0
1162 0.0
1163 0.0
1164 0.0
1165 0.0
1166 0.0
1167 0.0
1168 0.0
1169 0.0
1170 0.0
1171 0.0
1172 0.0
1173 0.0
1174 0.0
1175 0.0
1176 0.0
1177 0.0
1178 0.0
1179 0.0
1180 0.0
1181 0.0
1182 0.0
1183 0.0
1184 0.0
1185 0.0
1186 0.0
1187 0.0
1188 0.0
1189 0.0
1190 0.0
1191 0.0
1192 0.0
1193 0.0
1194 0.0
1195 0.0
1196 0.0
1197 0.0
1198 0.0
1199 0.0
1200 0.0
1201 0.0
1202 0.0
1203 0.0
1204 0.0
1205 0.0
1206 0.0
1207 0.0
1208 0.0
1209 0.0
1210 0.0
1211 0.0
1212 0.0
1213 0.0
1214 0.0
1215 0.0
1216 0.0
1217 0.0
1218 0.0
1219 0.0
1220 0.0
1221 0.0
1222 0.0
1223 0.0
1224 0.0
1225 0.0
1226 0.0
1227 0.0
1228 0.0
1229 0.0
1230 0.0
1231 0.0
1232 0.0
1233 0.0
1234 0.0
1235 0.0
1236 0.0
1237 0.0
1238 0.0
1239 0.0
1240 0.0
1241 0.0
1242 0.0
1243 0.0
1244 0.0
1245 0.0
1246 0.0
1247 0.0
1248 0.0
1249 0.0
1250 0.0
1251 0.0
1252 0.0
1253 0.0
1254 0.0
1255 0.0
1256 0.0
1257 0.0
1258 0.0
1259 0.0
1260 0.0
1261 0.0
1262 0.0
1263 0.0
1264 0.0
1265 0.0
1266 0.0
1267 0.0
1268 0.0
1269 0.0
1270 0.0
1271 0.0
1272 0.0
1273 0.0
1274 0.0
1275 0.0
1276 0.0
1277 0.0
1278 0.0
1279 0.0
1280 0.0
1281 0.0
1282 0.0
1283 0.0
1284 0.0
1285 0.0
1286 0.0
1287 0.0
1288 0.0
1289 0.0
1290 0.0
1291 0.0
1292 0.0
1293 0.0
1294 0.0
1295 0.0
1296 0.0
1297 0.0
1298 0.0
1299 0.0
1300 0.0
1301 0.0
1302 0.0
1303 0.0
1304 0.0
1305 0.0
1306 0.0
1307 0.0
1308 0.0
1309 0.0
1310 0.0
1311 0.0
1312 0.0
1313 0.0
1314 0.0
1315 0.0
1316 0.0
1317 0.0
1318 0.0
1319 0.0
1320 0.0
1321 0.0
1322 0.0
1323 0.0
1324 0.0
1325 0.0
1326 0.0
1327 0.0
1328 0.0
1329 0.0
1330 0.0
1331 0.0
1332 0.0
1333 0.0
1334 0.0
1335 0.0
1336 0.0
1337 0.0
1338 0.0
1339 0.0
1340 0.0
1341 0.0
1342 0.0
1343 0.0
1344 0.0
1345 0.0
1346 0.0
1347 0.0
1348 0.0
1349 0.0
1350 0.0
1351 0.0
1352 0.0
1353 0.0
1354 0.0
1355 0.0
1356 0.0
1357 0.0
1358 0.0
1359 0.0
1360 0.0
1361 0.0
1362 0.0
1363 0.0
1364 0.0
1365 0.0
1366 0.0
1367 0.0
1368 0.0
1369 0.0
1370 0.0
1371 0.0
1372 0.0
1373 0.0
1374 0.0
1375 0.0
1376 0.0
1377 0.0
1378 0.0
1379 0.0
1380 0.0
1381 0.0
1382 0.0
1383 0.0
1384 0.0
1385 0.0
1386 0.0
1387 0.0
1388 0.0
1389 0.0
1390 0.0
1391 0.0
1392 0.0
1393 0.0
1394 0.0
1395 0.0
1396 0.0
1397 0.0
1398 0.0
1399 0.0
1400 0.0
1401 0.0
1402 0.0
1403 0.0
1404 0.0
1405 0.0
1406 0.0
1407 0.0
1408 0.0
1409 0.0
1410 0.0
1411 0.0
1412 0.0
1413 0.0
1414 0.0
1415 0.0
1416 0.0
1417 0.0
1418 0.0
1419 0.0
1420 0.0
1421 0.0
1422 0.0
1423 0.0
1424 0.0
1425 0.0
1426 0.0
1427 0.0
1428 0.0
1429 0.0
1430 0.0
1431 0.0
1432 0.0
1433 0.0
1434 0.0
1435 0.0
1436 0.0
1437 0.0
1438 0.0
1439 0.0
1440 0.0
1441 0.0
1442 0.0
1443 0.0
1444 0.0
1445 0.0
1446 0.0
1447 0.0
1448 0.0
1449 0.0
1450 0.0
1451 0.0
1452 0.0
1453 0.0
1454 0.0
1455 0.0
1456 0.0
1457 0.0
1458 0.0
1459 0.0
1460 0.0
1461 0.0
1462 0.0
1463 0.0
1464 0.0
1465 0.0
1466 0.0
1467 0.0
1468 0.0
1469 0.0
1470 0.0
1471 0.0
1472 0.0
1473 0.0
1474 0.0
1475 0.0
1476 0.0
1477 0.0
1478 0.0
1479 0.0
1480 0.0
1481 0.0
1482 0.0
1483 0.0
1484 0.0
1485 0.0
1486 0.0
1487 0.0
1488 0.0
1489 0.0
1490 0.0
1491 0.0
1492 0.0
1493 0.0
1494 0.0
1495 0.0
1496 0.0
1497 0.0
1498 0.0
1499 0.0
1500 0.0
1501 0.0
1502 0.0
1503 0.0
1504 0.0
1505 0.0
1506 0.0
1507 0.0
1508 0.0
1509 0.0
1510 0.0
1511 0.0
1512 0.0
1513 0.0
1514 0.0
1515 0.0
1516 0.0
1517 0.0
1518 0.0
1519 0.0
1520 0.0
1521 0.0
1522 0.0
1523 0.0
1524 0.0
1525 0.0
1526 0.0
1527 0.0
1528 0.0
1529 0.0
1530 0.0
1531 0.0
1532 0.0
1533 0.0
1534 0.0
1535 0.0
1536 0.0
1537 0.0
1538 0.0
1539 0.0
1540 0.0
1541 0.0
1542 0.0
1543 0.0
1544 0.0
1545 0.0
1546 0.0
1547 0.0
1548 0.0
1549 0.0
1550 0.0
1551 0.0
1552 0.0
1553 0.0
1554 0.0
1555 0.0
1556 0.0
1557 0.0
1558 0.0
1559 0.0
1560 0.0
1561 0.0
1562 0.0
1563 0.0
1564 0.0
1565 0.0
1566 0.0
1567 0.0
1568 0.0
1569 0.0
1570 0.0
1571 0.0
1572 0.0
1573 0.0
1574 0.0
1575 0.0
1576 0.0
1577 0.0
1578 0.0
1579 0.0
1580 0.0
1581 0.0
1582 0.0
1583 0.0
1584 0.0
1585 0.0
1586 0.0
1587 0.0
1588 0.0
1589 0.0
1590 0.0
1591 0.0
1592 0.0
1593 0.0
1594 0.0
1595 0.0
1596 0.0
1597 0.0
1598 0.0
1599 0.0
1600 0.0
1601 0.0
1602 0.0
1603 0.0
1604 0.0
1605 0.0
1606 0.0
1607 0.0
1608 0.0
1609 0.0
1610 0.0
1611 0.0
1612 0.0
1613 0.0
1614 0.0
1615 0.0
1616 0.0
1617 0.0
1618 0.0
1619 0.0
1620 0.0
1621 0.0
1622 0.0
1623 0.0
1624 0.0
1625 0.0
1626 0.0
1627 0.0
1628 0.0
1629 0.0
1630 0.0
1631 0.0
1632 0.0
1633 0.0
1634 0.0
1635 0.0
1636 0.0
1637 0.0
1638 0.0
1639 0.0
1640 0.0
1641 0.0
1642 0.0
1643 0.0
1644 0.0
1645 0.0
1646 0.0
1647 0.0
1648 0.0
1649 0.0
1650 0.0
1651 0.0
1652 0.0
1653 0.0
1654 0.0
1655 0.0
1656 0.0
1657 0.0
1658 0.0
1659 0.0
1660 0.0
1661 0.0
1662 0.0
1663 0.0
1664 0.0
1665 0.0
1666 0.0
1667 0.0
1668 0.0
1669 0.0
1670 0.0
1671 0.0
1672 0.0
1673 0.0
1674 0.0
1675 0.0
1676 0.0
1677 0.0
1678 0.0
1679 0.0
1680 0.0
1681 0.0
1682 0.0
1683 0.0
1684 0.0
1685 0.0
1686 0.0
1687 0.0
1688 0.0
1689 0.0
1690 0.0
1691 0.0
1692 0.0
1693 0.0
1694 0.0
1695 0.0
1696 0.0
1697 0.0
1698 0.0
1699 0.0
1700 0.0
1701 0.0
1702 0.0
1703 0.0
1704 0.0
1705 0.0
1706 0.0
1707 0.0
1708 0.0
1709 0.0
1710 0.0
1711 0.0
1712 0.0
1713 0.0
1714 0.0
1715 0.0
1716 0.0
1717 0.0
1718 0.0
1719 0.0
1720 0.0
1721 0.0
1722 0.0
1723 0.0
1724 0.0
1725 0.0
1726 0.0
1727 0.0
1728 0.0
1729 0.0
1730 0.0
1731 0.0
1732 0.0
1733 0.0
1734 0.0
1735 0.0
1736 0.0
1737 0.0
1738 0.0
1739 0.0
1740 0.0
1741 0.0
1742 0.0
1743 0.0
1744 0.0
1745 0.0
1746 0.0
1747 0.0
1748 0.0
1749 0.0
1750 0.0
1751 0.0
1752 0.0
1753 0.0
1754 0.0
1755 0.0
1756 0.0
1757 0.0
1758 0.0
1759 0.0
1760 0.0
1761 0.0
1762 0.0
1763 0.0
1764 0.0
1765 0.0
1766 0.0
1767 0.0
1768 0.0
1769 0.0
1770 0.0
1771 0.0
1772 0.0
1773 0.0
1774 0.0
1775 0.0
1776 0.0
1777 0.0
1778 0.0
1779 0.0
1780 0.0
1781 0.0
1782 0.0
1783 0.0
1784 0.0
1785 0.0
1786 0.0
1787 0.0
1788 0.0
1789 0.0
1790 0.0
1791 0.0
1792 0.0
1793 0.0
1794 0.0
1795 0.0
1796 0.0
1797 0.0
1798 0.0
1799 0.0
1800 0.0
1801 0.0
1802 0.0
1803 0.0
1804 0.0
1805 0.0
1806 0.0
1807 0.0
1808 0.0
1809 0.0
1810 0.0
1811 0.0
1812 0.0
1813 0.0
1814 0.0
1815 0.0
1816 0.0
1817 0.0
1818 0.0
1819 0.0
1820 0.0
1821 0.0
1822 0.0
1823 0.0
1824 0.0
1825 0.0
1826 0.0
1827 0.0
1828 0.0
1829 0.0
1830 0.0
1831 0.0
1832 0.0
1833 0.0
1834 0.0
1835 0.0
1836 0.0
1837 0.0
1838 0.0
1839 0.0
1840 0.0
1841 0.0
1842 0.0
1843 0.0
1844 0.0
1845 0.0
1846 0.0
1847 0.0
1848 0.0
1849 0.0
1850 0.0
1851 0.0
1852 0.0
1853 0.0
1854 0.0
1855 0.0
1856 0.0
1857 0.0
1858 0.0
1859 0.0
1860 0.0
1861 0.0
1862 0.0
1863 0.0
1864 0.0
1865 0.0
1866 0.0
1867 0.0
1868 0.0
1869 0.0
1870 0.0
1871 0.0
1872 0.0
1873 0.0
1874 0.0
1875 0.0
1876 0.0
1877 0.0
1878 0.0
1879 0.0
1880 0.0
1881 0.0
1882 0.0
1883 0.0
1884 0.0
1885 0.0
1886 0.0
1887 0.0
1888 0.0
1889 0.0
1890 0.0
1891 0.0
1892 0.0
1893 0.0
1894 0.0
1895 0.0
1896 0.0
1897 0.0
1898 0.0
1899 0.0
1900 0.0
1901 0.0
1902 0.0
1903 0.0
1904 0.0
1905 0.0
1906 0.0
1907 0.0
1908 0.0
1909 0.0
1910 0.0
1911 0.0
1912 0.0
1913 0.0
1914 0.0
1915 0.0
1916 0.0
1917 0.0
1918 0.0
1919 0.0
1920 0.0
1921 0.0
1922 0.0
1923 0.0
1924 0.0
1925 0.0
1926 0.0
1927 0.0
1928 0.0
1929 0.0
1930 0.0
1931 0.0
1932 0.0
1933 0.0
1934 0.0
1935 0.0
1936 0.0
1937 0.0
1938 0.0
1939 0.0
1940 0.0
1941 0.0
1942 0.0
1943 0.0
1944 0.0
1945 0.0
1946 0.0
1947 0.0
1948 0.0
1949 0.0
1950 0.0
1951 0.0
1952 0.0
1953 0.0
1954 0.0
1955 0.0
1956 0.0
1957 0.0
1958 0.0
1959 0.0
1960 0.0
1961 0.0
1962 0.0
1963 0.0
1964 0.0
1965 0.0
1966 0.0
1967 0.0
1968 0.0
1969 0.0
1970 0.0
1971 0.0
1972 0.0
1973 0.0
1974 0.0
1975 0.0
1976 0.0
1977 0.0
1978 0.0
1979 0.0
1980 0.0
1981 0.0
1982 0.0
1983 0.0
1984 0.0
1985 0.0
1986 0.0
1987 0.0
1988 0.0
1989 0.0
1990 0.0
1991 0.0
1992 0.0
1993 0.0
1994 0.0
1995 0.0
1996 0.0
1997 0.0
1998 0.0
1999 0.0
2000 0.0
2001 0.0
2002 0.0
2003 0.0
2004 0.0
2005 0.0
2006 0.0
2007 0.0
2008 0.0
2009 0.0
2010 0.0
2011 0.0
2012 0.0
2013 0.0
2014 0.0
2015 0.0
2016 0.0
2017 0.0
2018 0.0
2019 0.0
2020 0.0
2021 0.0
2022 0.0
2023 0.0
2024 0.0
2025 0.0
2026 0.0
2027 0.0
2028 0.0
2029 0.0
2030 0.0
2031 0.0
2032 0.0
2033 0.0
2034 0.0
2035 0.0
2036 0.0
2037 0.0
2038 0.0
2039 0.0
2040 0.0
2041 0.0
2042 0.0
2043 0.0
2044 0.0
2045 0.0
2046 0.0
2047 0.0
2048 0.0
2049 0.0
2050 0.0
2051 0.0
2052 0.0
2053 0.0
2054 0.0
2055 0.0
2056 0.0
2057 0.0
2058 0.0
2059 0.0
2060 0.0
2061 0.0
2062 0.0
2063 0.0
2064 0.0
2065 0.0
2066 0.0
2067 0.0
2068 0.0
2069 0.0
2070 0.0
2071 0.0
2072 0.0
2073 0.0
2074 0.0
2075 0.0
2076 0.0
2077 0.0
2078 0.0
2079 0.0
2080 0.0
2081 0.0
2082 0.0
2083 0.0
2084 0.0
2085 0.0
2086 0.0
2087 0.0
2088 0.0
2089 0.0
2090 0.0
2091 0.0
2092 0.0
2093 0.0
2094 0.0
2095 0.0
2096 0.0
2097 0.0
2098 0.0
2099 0.0
2100 0.0
2101 0.0
2102 0.0
2103 0.0
2104 0.0
2105 0.0
2106 0.0
2107 0.0
2108 0.0
2109 0.0
2110 0.0
2111 0.0
2112 0.0
2113 0.0
2114 0.0
2115 0.0
2116 0.0
2117 0.0
2118 0.0
2119 0.0
2120 0.0
2121 0.0
2122 0.0
2123 0.0
2124 0.0
2125 0.0
2126 0.0
2127 0.0
2128 0.0
2129 0.0
2130 0.0
2131 0.0
2132 0.0
2133 0.0
2134 0.0
2135 0.0
2136 0.0
2137 0.0
2138 0.0
2139 0.0
2140 0.0
2141 0.0
2142 0.0
2143 0.0
2144 0.0
2145 0.0
2146 0.0
2147 0.0
2148 0.0
2149 0.0
2150 0.0
2151 0.0
2152 0.0
2153 0.0
2154 0.0
2155 0.0
2156 0.0
2157 0.0
2158 0.0
2159 0.0
2160 0.0
2161 0.0
2162 0.0
2163 0.0
2164 0.0
2165 0.0
2166 0.0
2167 0.0
2168 0.0
2169 0.0
2170 0.0
2171 0.0
2172 0.0
2173 0.0
2174 0.0
2175 0.0
2176 0.0
2177 0.0
2178 0.0
2179 0.0
2180 0.0
2181 0.0
2182 0.0
2183 0.0
2184 0.0
2185 0.0
2186 0.0
2187 0.0
2188 0.0
2189 0.0
2190 0.0
2191 0.0
2192 0.0
2193 0.0
2194 0.0
2195 0.0
2196 0.0
2197 0.0
2198 0.0
2199 0.0
2200 0.0
2201 0.0
2202 0.0
2203 0.0
2204 0.0
2205 0.0
2206 0.0
2207 0.0
2208 0.0
2209 0.0
2210 0.0
2211 0.0
2212 0.0
2213 0.0
2214 0.0
2215 0.0
2216 0.0
2217 0.0
2218 0.0
2219 0.0
2220 0.0
2221 0.0
2222 0.0
2223 0.0
2224 0.0
2225 0.0
2226 0.0
2227 0.0
2228 0.0
2229 0.0
2230 0.0
2231 0.0
2232 0.0
2233 0.0
2234 0.0
2235 0.0
2236 0.0
2237 0.0
2238 0.0
2239 0.0
2240 0.0
2241 0.0
2242 0.0
2243 0.0
2244 0.0
2245 0.0
2246 0.0
2247 0.0
2248 0.0
2249 0.0
2250 0.0
2251 0.0
2252 0.0
2253 0.0
2254 0.0
2255 0.0
2256 0.0
2257 0.0
2258 0.0
2259 0.0
2260 0.0
2261 0.0
2262 0.0
2263 0.0
2264 0.0
2265 0.0
2266 0.0
2267 0.0
2268 0.0
2269 0.0
2270 0.0
2271 0.0
2272 0.0
2273 0.0
2274 0.0
2275 0.0
2276 0.0
2277 0.0
2278 0.0
2279 0.0
2280 0.0
2281 0.0
2282 0.0
2283 0.0
2284 0.0
2285 0.0
2286 0.0
2287 0.0
2288 0.0
2289 0.0
2290 0.0
2291 0.0
2292 0.0
2293 0.0
2294 0.0
2295 0.0
2296 0.0
2297 0.0
2298 0.0
2299 0.0
2300 0.0
2301 0.0
2302 0.0
2303 0.0
2304 0.0
2305 0.0
2306 0.0
2307 0.0
2308 0.0
2309 0.0
2310 0.0
2311 0.0
2312 0.0
2313 0.0
2314 0.0
2315 0.0
2316 0.0
2317 0.0
2318 0.0
2319 0.0
2320 0.0
2321 0.0
2322 0.0
2323 0.0
2324 0.0
2325 0.0
2326 0.0
2327 0.0
2328 0.0
2329 0.0
2330 0.0
2331 0.0
2332 0.0
2333 0.0
2334 0.0
2335 0.0
2336 0.0
2337 0.0
2338 0.0
2339 0.0
2340 0.0
2341 0.0
2342 0.0
2343 0.0
2344 0.0
2345 0.0
2346 0.0
2347 0.0
2348 0.0
2349 0.0
2350 0.0
2351 0.0
2352 0.0
2353 0.0
2354 0.0
2355 0.0
2356 0.0
2357 0.0
2358 0.0
2359 0.0
2360 0.0
2361 0.0
2362 0.0
2363 0.0
2364 0.0
2365 0.0
2366 0.0
2367 0.0
2368 0.0
2369 0.0
2370 0.0
2371 0.0
2372 0.0
2373 0.0
2374 0.0
2375 0.0
2376 0.0
2377 0.0
2378 0.0
2379 0.0
2380 0.0
2381 0.0
2382 0.0
2383 0.0
2384 0.0
2385 0.0
2386 0.0
2387 0.0
2388 0.0
2389 0.0
2390 0.0
2391 0.0
2392 0.0
2393 0.0
2394 0.0
2395 0.0
2396 0.0
2397 0.0
2398 0.0
2399 0.0
2400 0.0
2401 0.0
2402 0.0
2403 0.0
2404 0.0
2405 0.0
2406 0.0
2407 0.0
2408 0.0
2409 0.0
2410 0.0
2411 0.0
2412 0.0
2413 0.0
2414 0.0
2415 0.0
2416 0.0
2417 0.0
2418 0.0
2419 0.0
2420 0.0
2421 0.0
2422 0.0
2423 0.0
2424 0.0
2425 0.0
2426 0.0
2427 0.0
2428 0.0
2429 0.0
2430 0.0
2431 0.0
2432 0.0
2433 0.0
2434 0.0
2435 0.0
2436 0.0
2437 0.0
2438 0.0
2439 0.0
2440 0.0
2441 0.0
2442 0.0
2443 0.0
2444 0.0
2445 0.0
2446 0.0
2447 0.0
2448 0.0
2449 0.0
2450 0.0
2451 0.0
2452 0.0
2453 0.0
2454 0.0
2455 0.0
2456 0.0
2457 0.0
2458 0.0
2459 0.0
2460 0.0
2461 0.0
2462 0.0
2463 0.0
2464 0.0
2465 0.0
2466 0.0
2467 0.0
2468 0.0
2469 0.0
2470 0.0
2471 0.0
2472 0.0
2473 0.0
2474 0.0
2475 0.0
2476 0.0
2477 0.0
2478 0.0
2479 0.0
2480 0.0
2481 0.0
2482 0.0
2483 0.0
2484 0.0
2485 0.0
2486 0.0
2487 0.0
2488 0.0
2489 0.0
2490 0.0
2491 0.0
2492 0.0
2493 0.0
2494 0.0
2495 0.0
2496 0.0
2497 0.0
2498 0.0
2499 0.0
2500 0.0
2501 0.0
2502 0.0
2503 0.0
2504 0.0
2505 0.0
2506 0.0
2507 0.0
2508 0.0
2509 0.0
2510 0.0
2511 0.0
2512 0.0
2513 0.0
2514 0.0
2515 0.0
2516 0.0
2517 0.0
2518 0.0
2519 0.0
2520 0.0
2521 0.0
2522 0.0
2523 0.0
2524 0.0
2525 0.0
2526 0.0
2527 0.0
2528 0.0
2529 0.0
2530 0.0
2531 0.0
2532 0.0
2533 0.0
2534 0.0
2535 0.0
2536 0.0
2537 0.0
2538 0.0
2539 0.0
2540 0.0
2541 0.0
2542 0.0
2543 0.0
2544 0.0
2545 0.0
2546 0.0
2547 0.0
2548 0.0
2549 0.0
2550 0.0
2551 0.0
2552 0.0
2553 0.0
2554 0.0
2555 0.0
2556 0.0
2557 0.0
2558 0.0
2559 0.0
2560 0.0
2561 0.0
2562 0.0
2563 0.0
2564 0.0
2565 0.0
2566 0.0
2567 0.0
2568 0.0
2569 0.0
2570 0.0
2571 0.0
2572 0.0
2573 0.0
2574 0.0
2575 0.0
2576 0.0
2577 0.0
2578 0.0
2579 0.0
2580 0.0
2581 0.0
2582 0.0
2583 0.0
2584 0.0
2585 0.0
2586 0.0
2587 0.0
2588 0.0
2589 0.0
2590 0.0
2591 0.0
2592 0.0
2593 0.0
2594 0.0
2595 0.0
2596 0.0
2597 0.0
2598 0.0
2599 0.0
2600 0.0
2601 0.0
2602 0.0
2603 0.0
2604 0.0
2605 0.0
2606 0.0
2607 0.0
2608 0.0
2609 0.0
2610 0.0
2611 0.0
2612 0.0
2613 0.0
2614 0.0
2615 0.0
2616 0.0
2617 0.0
2618 0.0
2619 0.0
2620 0.0
2621 0.0
2622 0.0
2623 0.0
2624 0.0
2625 0.0
2626 0.0
2627 0.0
2628 0.0
2629 0.0
2630 0.0
2631 0.0
2632 0.0
2633 0.0
2634 0.0
2635 0.0
2636 0.0
2637 0.0
2638 0.0
2639 0.0
2640 0.0
2641 0.0
2642 0.0
2643 0.0
2644 0.0
2645 0.0
2646 0.0
2647 0.0
2648 0.0
2649 0.0
2650 0.0
2651 0.0
2652 0.0
2653 0.0
2654 0.0
2655 0.0
2656 0.0
2657 0.0
2658 0.0
2659 0.0
2660 0.0
2661 0.0
2662 0.0
2663 0.0
2664 0.0
2665 0.0
2666 0.0
2667 0.0
2668 0.0
2669 0.0
2670 0.0
2671 0.0
2672 0.0
2673 0.0
2674 0.0
2675 0.0
2676 0.0
2677 0.0
2678 0.0
2679 0.0
2680 0.0
2681 0.0
2682 0.0
2683 0.0
2684 0.0
2685 0.0
2686 0.0
2687 0.0
2688 0.0
2689 0.0
2690 0.0
2691 0.0
2692 0.0
2693 0.0
2694 0.0
2695 0.0
2696 0.0
2697 0.0
2698 0.0
2699 0.0
2700 0.0
2701 0.0
2702 0.0
2703 0.0
2704 0.0
2705 0.0
2706 0.0
2707 0.0
2708 0.0
2709 0.0
2710 0.0
2711 0.0
2712 0.0
2713 0.0
2714 0.0
2715 0.0
2716 0.0
2717 0.0
2718 0.0
2719 0.0
2720 0.0
2721 0.0
2722 0.0
2723 0.0
2724 0.0
2725 0.0
2726 0.0
2727 0.0
2728 0.0
2729 0.0
2730 0.0
2731 0.0
2732 0.0
2733 0.0
2734 0.0
2735 0.0
2736 0.0
2737 0.0
2738 0.0
2739 0.0
2740 0.0
2741 0.0
2742 0.0
2743 0.0
2744 0.0
2745 0.0
2746 0.0
2747 0.0
2748 0.0
2749 0.0
2750 0.0
2751 0.0
2752 0.0
2753 0.0
2754 0.0
2755 0.0
2756 0.0
2757 0.0
2758 0.0
2759 0.0
2760 0.0
2761 0.0
2762 0.0
2763 0.0
2764 0.0
2765 0.0
2766 0.0
2767 0.0
2768 0.0
2769 0.0
2770 0.0
2771 0.0
2772 0.0
2773 0.0
2774 0.0
2775 0.0
2776 0.0
2777 0.0
2778 0.0
2779 0.0
2780 0.0
2781 0.0
2782 0.0
2783 0.0
2784 0.0
2785 0.0
2786 0.0
2787 0.0
2788 0.0
2789 0.0
2790 0.0
2791 0.0
2792 0.0
2793 0.0
2794 0.0
2795 0.0
2796 0.0
2797 0.0
2798 0.0
2799 0.0
2800 0.0
2801 0.0
2802 0.0
2803 0.0
2804 0.0
2805 0.0
2806 0.0
2807 0.0
2808 0.0
2809 0.0
2810 0.0
2811 0.0
2812 0.0
2813 0.0
2814 0.0
2815 0.0
2816 0.0
2817 0.0
2818 0.0
2819 0.0
2820 0.0
2821 0.0
2822 0.0
2823 0.0
2824 0.0
2825 0.0
2826 0.0
2827 0.0
2828 0.0
2829 0.0
2830 0.0
2831 0.0
2832 0.0
2833 0.0
2834 0.0
2835 0.0
2836 0.0
2837 0.0
2838 0.0
2839 0.0
2840 0.0
2841 0.0
2842 0.0
2843 0.0
2844 0.0
2845 0.0
2846 0.0
2847 0.0
2848 0.0
2849 0.0
2850 0.0
2851 0.0
2852 0.0
2853 0.0
2854 0.0
2855 0.0
2856 0.0
2857 0.0
2858 0.0
2859 0.0
2860 0.0
2861 0.0
2862 0.0
2863 0.0
2864 0.0
2865 0.0
2866 0.0
2867 0.0
2868 0.0
2869 0.0
2870 0.0
2871 0.0
2872 0.0
2873 0.0
2874 0.0
2875 0.0
2876 0.0
2877 0.0
2878 0.0
2879 0.0
2880 0.0
2881 0.0
2882 0.0
2883 0.0
2884 0.0
2885 0.0
2886 0.0
2887 0.0
2888 0.0
2889 0.0
2890 0.0
2891 0.0
2892 0.0
2893 0.0
2894 0.0
2895 0.0
2896 0.0
2897 0.0
2898 0.0
2899 0.0
2900 0.0
2901 0.0
2902 0.0
2903 0.0
2904 0.0
2905 0.0
2906 0.0
2907 0.0
2908 0.0
2909 0.0
2910 0.0
2911 0.0
2912 0.0
2913 0.0
2914 0.0
2915 0.0
2916 0.0
2917 0.0
2918 0.0
2919 0.0
2920 0.0
2921 0.0
2922 0.0
2923 0.0
2924 0.0
2925 0.0
2926 0.0
2927 0.0
2928 0.0
2929 0.0
2930 0.0
2931 0.0
2932 0.0
2933 0.0
2934 0.0
2935 0.0
2936 0.0
2937 0.0
2938 0.0
2939 0.0
2940 0.0
2941 0.0
2942 0.0
2943 0.0
2944 0.0
2945 0.0
2946 0.0
2947 0.0
2948 0.0
2949 0.0
2950 0.0
2951 0.0
2952 0.0
2953 0.0
2954 0.0
2955 0.0
2956 0.0
2957 0.0
2958 0.0
2959 0.0
2960 0.0
2961 0.0
2962 0.0
2963 0.0
2964 0.0
2965 0.0
2966 0.0
2967 0.0
2968 0.0
2969 0.0
2970 0.0
2971 0.0
2972 0.0
2973 0.0
2974 0.0
2975 0.0
2976 0.0
2977 0.0
2978 0.0
2979 0.0
2980 0.0
2981 0.0
2982 0.0
2983 0.0
2984 0.0
2985 0.0
2986 0.0
2987 0.0
2988 0.0
2989 0.0
2990 0.0
2991 0.0
2992 0.0
2993 0.0
2994 0.0
2995 0.0
2996 0.0
2997 0.0
2998 0.0
2999 0.0
3000 0.0
3001 0.0
3002 0.0
3003 0.0
3004 0.0
3005 0.0
3006 0.0
3007 0.0
3008 0.0
3009 0.0
3010 0.0
3011 0.0
3012 0.0
3013 0.0
3014 0.0
3015 0.0
3016 0.0
3017 0.0
3018 0.0
3019 0.0
3020 0.0
3021 0.0
3022 0.0
3023 0.0
3024 0.0
3025 0.0
3026 0.0
3027 0.0
3028 0.0
3029 0.0
3030 0.0
3031 0.0
3032 0.0
3033 0.0
3034 0.0
3035 0.0
3036 0.0
3037 0.0
3038 0.0
3039 0.0
3040 0.0
3041 0.0
3042 0.0
3043 0.0
3044 0.0
3045 0.0
3046 0.0
3047 0.0
3048 0.0
3049 0.0
3050 0.0
3051 0.0
3052 0.0
3053 0.0
3054 0.0
3055 0.0
3056 0.0
3057 0.0
3058 0.0
3059 0.0
3060 0.0
3061 0.0
3062 0.0
3063 0.0
3064 0.0
3065 0.0
3066 0.0
3067 0.0
3068 0.0
3069 0.0
3070 0.0
3071 0.0
3072 0.0
3073 0.0
3074 0.0
3075 0.0
3076 0.0
3077 0.0
3078 0.0
3079 0.0
3080 0.0
3081 0.0
3082 0.0
3083 0.0
3084 0.0
3085 0.0
3086 0.0
3087 0.0
3088 0.0
3089 0.0
3090 0.0
3091 0.0
3092 0.0
3093 0.0
3094 0.0
3095 0.0
3096 0.0
3097 0.0
3098 0.0
3099 0.0
3100 0.0
3101 0.0
3102 0.0
3103 0.0
3104 0.0
3105 0.0
3106 0.0
3107 0.0
3108 0.0
3109 0.0
3110 0.0
3111 0.0
3112 0.0
3113 0.0
3114 0.0
3115 0.0
3116 0.0
3117 0.0
3118 0.0
3119 0.0
3120 0.0
3121 0.0
3122 0.0
3123 0.0
3124 0.0
3125 0.0
3126 0.0
3127 0.0
3128 0.0
3129 0.0
3130 0.0
3131 0.0
3132 0.0
3133 0.0
3134 0.0
3135 0.0
3136 0.0
3137 0.0
3138 0.0
3139 0.0
3140 0.0
3141 0.0
3142 0.0
3143 0.0
3144 0.0
3145 0.0
3146 0.0
3147 0.0
3148 0.0
3149 0.0
3150 0.0
3151 0.0
3152 0.0
3153 0.0
3154 0.0
3155 0.0
3156 0.0
3157 0.0
3158 0.0
3159 0.0
3160 0.0
3161 0.0
3162 0.0
3163 0.0
3164 0.0
3165 0.0
3166 0.0
3167 0.0
3168 0.0
3169 0.0
3170 0.0
3171 0.0
3172 0.0
3173 0.0
3174 0.0
3175 0.0
3176 0.0
3177 0.0
3178 0.0
3179 0.0
3180 0.0
3181 0.0
3182 0.0
3183 0.0
3184 0.0
3185 0.0
3186 0.0
3187 0.0
3188 0.0
3189 0.0
3190 0.0
3191 0.0
3192 0.0
3193 0.0
3194 0.0
3195 0.0
3196 0.0
3197 0.0
3198 0.0
3199 0.0
3200 0.0
3201 0.0
3202 0.0
3203 0.0
3204 0.0
3205 0.0
3206 0.0
3207 0.0
3208 0.0
3209 0.0
3210 0.0
3211 0.0
3212 0.0
3213 0.0
3214 0.0
3215 0.0
3216 0.0
3217 0.0
3218 0.0
3219 0.0
3220 0.0
3221 0.0
3222 0.0
3223 0.0
3224 0.0
3225 0.0
3226 0.0
3227 0.0
3228 0.0
3229 0.0
3230 0.0
3231 0.0
3232 0.0
3233 0.0
3234 0.0
3235 0.0
3236 0.0
3237 0.0
3238 0.0
3239 0.0
3240 0.0
3241 0.0
3242 0.0
3243 0.0
3244 0.0
3245 0.0
3246 0.0
3247 0.0
3248 0.0
3249 0.0
3250 0.0
3251 0.0
3252 0.0
3253 0.0
3254 0.0
3255 0.0
3256 0.0
3257 0.0
3258 0.0
3259 0.0
3260 0.0
3261 0.0
3262 0.0
3263 0.0
3264 0.0
3265 0.0
3266 0.0
3267 0.0
3268 0.0
3269 0.0
3270 0.0
3271 0.0
3272 0.0
3273 0.0
3274 0.0
3275 0.0
3276 0.0
3277 0.0
3278 0.0
3279 0.0
3280 0.0
3281 0.0
3282 0.0
3283 0.0
3284 0.0
3285 0.0
3286 0.0
3287 0.0
3288 0.0
3289 0.0
3290 0.0
3291 0.0
3292 0.0
3293 0.0
3294 0.0
3295 0.0
3296 0.0
3297 0.0
3298 0.0
3299 0.0
3300 0.0
3301 0.0
3302 0.0
3303 0.0
3304 0.0
3305 0.0
3306 0.0
3307 0.0
3308 0.0
3309 0.0
3310 0.0
3311 0.0
3312 0.0
3313 0.0
3314 0.0
3315 0.0
3316 0.0
3317 0.0
3318 0.0
3319 0.0
3320 0.0
3321 0.0
3322 0.0
3323 0.0
3324 0.0
3325 0.0
3326 0.0
3327 0.0
3328 0.0
3329 0.0
3330 0.0
3331 0.0
3332 0.0
3333 0.0
3334 0.0
3335 0.0
3336 0.0
3337 0.0
3338 0.0
3339 0.0
3340 0.0
3341 0.0
3342 0.0
3343 0.0
3344 0.0
3345 0.0
3346 0.0
3347 0.0
3348 0.0
3349 0.0
3350 0.0
3351 0.0
3352 0.0
3353 0.0
3354 0.0
3355 0.0
3356 0.0
3357 0.0
3358 0.0
3359 0.0
3360 0.0
3361 0.0
3362 0.0
3363 0.0
3364 0.0
3365 0.0
3366 0.0
3367 0.0
3368 0.0
3369 0.0
3370 0.0
3371 0.0
3372 0.0
3373 0.0
3374 0.0
3375 0.0
3376 0.0
3377 0.0
3378 0.0
3379 0.0
3380 0.0
3381 0.0
3382 0.0
3383 0.0
3384 0.0
3385 0.0
3386 0.0
3387 0.0
3388 0.0
3389 0.0
3390 0.0
3391 0.0
3392 0.0
3393 0.0
3394 0.0
3395 0.0
3396 0.0
3397 0.0
3398 0.0
3399 0.0
3400 0.0
3401 0.0
3402 0.0
3403 0.0
3404 0.0
3405 0.0
3406 0.0
3407 0.0
3408 0.0
3409 0.0
3410 0.0
3411 0.0
3412 0.0
3413 0.0
3414 0.0
3415 0.0
3416 0.0
3417 0.0
3418 0.0
3419 0.0
3420 0.0
3421 0.0
3422 0.0
3423 0.0
3424 0.0
3425 0.0
3426 0.0
3427 0.0
3428 0.0
3429 0.0
3430 0.0
3431 0.0
3432 0.0
3433 0.0
3434 0.0
3435 0.0
3436 0.0
3437 0.0
3438 0.0
3439 0.0
3440 0.0
3441 0.0
3442 0.0
3443 0.0
3444 0.0
3445 0.0
3446 0.0
3447 0.0
3448 0.0
3449 0.0
3450 0.0
3451 0.0
3452 0.0
3453 0.0
3454 0.0
3455 0.0
3456 0.0
3457 0.0
3458 0.0
3459 0.0
3460 0.0
3461 0.0
3462 0.0
3463 0.0
3464 0.0
3465 0.0
3466 0.0
3467 0.0
3468 0.0
3469 0.0
3470 0.0
3471 0.0
3472 0.0
3473 0.0
3474 0.0
3475 0.0
3476 0.0
3477 0.0
3478 0.0
3479 0.0
3480 0.0
3481 0.0
3482 0.0
3483 0.0
3484 0.0
3485 0.0
3486 0.0
3487 0.0
3488 0.0
3489 0.0
3490 0.0
3491 0.0
3492 0.0
3493 0.0
3494 0.0
3495 0.0
3496 0.0
3497 0.0
3498 0.0
3499 0.0
3500 0.0
3501 0.0
3502 0.0
3503 0.0
3504 0.0
3505 0.0
3506 0.0
3507 0.0
3508 0.0
3509 0.0
3510 0.0
3511 0.0
3512 0.0
3513 0.0
3514 0.0
3515 0.0
3516 0.0
3517 0.0
3518 0.0
3519 0.0
3520 0.0
3521 0.0
3522 0.0
3523 0.0
3524 0.0
3525 0.0
3526 0.0
3527 0.0
3528 0.0
3529 0.0
3530 0.0
3531 0.0
3532 0.0
3533 0.0
3534 0.0
3535 0.0
3536 0.0
3537 0.0
3538 0.0
3539 0.0
3540 0.0
3541 0.0
3542 0.0
3543 0.0
3544 0.0
3545 0.0
3546 0.0
3547 0.0
3548 0.0
3549 0.0
3550 0.0
3551 0.0
3552 0.0
3553 0.0
3554 0.0
3555 0.0
3556 0.0
3557 0.0
3558 0.0
3559 0.0
3560 0.0
3561 0.0
3562 0.0
3563 0.0
3564 0.0
3565 0.0
3566 0.0
3567 0.0
3568 0.0
3569 0.0
3570 0.0
3571 0.0
3572 0.0
3573 0.0
3574 0.0
3575 0.0
3576 0.0
3577 0.0
3578 0.0
3579 0.0
3580 0.0
3581 0.0
3582 0.0
3583 0.0
3584 0.0
3585 0.0
3586 0.0
3587 0.0
3588 0.0
3589 0.0
3590 0.0
3591 0.0
3592 0.0
3593 0.0
3594 0.0
3595 0.0
3596 0.0
3597 0.0
3598 0.0
3599 0.0
3600 0.0
3601 0.0
3602 0.0
3603 0.0
3604 0.0
3605 0.0
3606 0.0
3607 0.0
3608 0.0
3609 0.0
3610 0.0
3611 0.0
3612 0.0
3613 0.0
3614 0.0
3615 0.0
3616 0.0
3617 0.0
3618 0.0
3619 0.0
3620 0.0
3621 0.0
3622 0.0
3623 0.0
3624 0.0
3625 0.0
3626 0.0
3627 0.0
3628 0.0
3629 0.0
3630 0.0
3631 0.0
3632 0.0
3633 0.0
3634 0.0
3635 0.0
3636 0.0
3637 0.0
3638 0.0
3639 0.0
3640 0.0
3641 0.0
3642 0.0
3643 0.0
3644 0.0
3645 0.0
3646 0.0
3647 0.0
3648 0.0
3649 0.0
3650 0.0
3651 0.0
3652 0.0
3653 0.0
3654 0.0
3655 0.0
3656 0.0
3657 0.0
3658 0.0
3659 0.0
3660 0.0
3661 0.0
3662 0.0
3663 0.0
3664 0.0
3665 0.0
3666 0.0
3667 0.0
3668 0.0
3669 0.0
3670 0.0
3671 0.0
3672 0.0
3673 0.0
3674 0.0
3675 0.0
3676 0.0
3677 0.0
3678 0.0
3679 0.0
3680 0.0
3681 0.0
3682 0.0
3683 0.0
3684 0.0
3685 0.0
3686 0.0
3687 0.0
3688 0.0
3689 0.0
3690 0.0
3691 0.0
3692 0.0
3693 0.0
3694 0.0
3695 0.0
3696 0.0
3697 0.0
3698 0.0
3699 0.0
3700 0.0
3701 0.0
3702 0.0
3703 0.0
3704 0.0
3705 0.0
3706 0.0
3707 0.0
3708 0.0
3709 0.0
3710 0.0
3711 0.0
3712 0.0
3713 0.0
3714 0.0
3715 0.0
3716 0.0
3717 0.0
3718 0.0
3719 0.0
3720 0.0
3721 0.0
3722 0.0
3723 0.0
3724 0.0
3725 0.0
3726 0.0
3727 0.0
3728 0.0
3729 0.0
3730 0.0
3731 0.0
3732 0.0
3733 0.0
3734 0.0
3735 0.0
3736 0.0
3737 0.0
3738 0.0
3739 0.0
3740 0.0
3741 0.0
3742 0.0
3743 0.0
3744 0.0
3745 0.0
3746 0.0
3747 0.0
3748 0.0
3749 0.0
3750 0.0
3751 0.0
3752 0.0
3753 0.0
3754 0.0
3755 0.0
3756 0.0
3757 0.0
3758 0.0
3759 0.0
3760 0.0
3761 0.0
3762 0.0
3763 0.0
3764 0.0
3765 0.0
3766 0.0
3767 0.0
3768 0.0
3769 0.0
3770 0.0
3771 0.0
3772 0.0
3773 0.0
3774 0.0
3775 0.0
3776 0.0
3777 0.0
3778 0.0
3779 0.0
3780 0.0
3781 0.0
3782 0.0
3783 0.0
3784 0.0
3785 0.0
3786 0.0
3787 0.0
3788 0.0
3789 0.0
3790 0.0
3791 0.0
3792 0.0
3793 0.0
3794 0.0
3795 0.0
3796 0.0
3797 0.0
3798 0.0
3799 0.0
3800 0.0
3801 0.0
3802 0.0
3803 0.0
3804 0.0
3805 0.0
3806 0.0
3807 0.0
3808 0.0
3809 0.0
3810 0.0
3811 0.0
3812 0.0
3813 0.0
3814 0.0
3815 0.0
3816 0.0
3817 0.0
3818 0.0
3819 0.0
3820 0.0
3821 0.0
3822 0.0
3823 0.0
3824 0.0
3825 0.0
3826 0.0
3827 0.0
3828 0.0
3829 0.0
3830 0.0
3831 0.0
3832 0.0
3833 0.0
3834 0.0
3835 0.0
3836 0.0
3837 0.0
3838 0.0
3839 0.0
3840 0.0
3841 0.0
3842 0.0
3843 0.0
3844 0.0
3845 0.0
3846 0.0
3847 0.0
3848 0.0
3849 0.0
3850 0.0
3851 0.0
3852 0.0
3853 0.0
3854 0.0
3855 0.0
3856 0.0
3857 0.0
3858 0.0
3859 0.0
3860 0.0
3861 0.0
3862 0.0
3863 0.0
3864 0.0
3865 0.0
3866 0.0
3867 0.0
3868 0.0
3869 0.0
3870 0.0
3871 0.0
3872 0.0
3873 0.0
3874 0.0
3875 0.0
3876 0.0
3877 0.0
3878 0.0
3879 0.0
3880 0.0
3881 0.0
3882 0.0
3883 0.0
3884 0.0
3885 0.0
3886 0.0
3887 0.0
3888 0.0
3889 0.0
3890 0.0
3891 0.0
3892 0.0
3893 0.0
3894 0.0
3895 0.0
3896 0.0
3897 0.0
3898 0.0
3899 0.0
3900 0.0
3901 0.0
3902 0.0
3903 0.0
3904 0.0
3905 0.0
3906 0.0
3907 0.0
3908 0.0
3909 0.0
3910 0.0
3911 0.0
3912 0.0
3913 0.0
3914 0.0
3915 0.0
3916 0.0
3917 0.0
3918 0.0
3919 0.0
3920 0.0
3921 0.0
3922 0.0
3923 0.0
3924 0.0
3925 0.0
3926 0.0
3927 0.0
3928 0.0
3929 0.0
3930 0.0
3931 0.0
3932 0.0
3933 0.0
3934 0.0
3935 0.0
3936 0.0
3937 0.0
3938 0.0
3939 0.0
3940 0.0
3941 0.0
3942 0.0
3943 0.0
3944 0.0
3945 0.0
3946 0.0
3947 0.0
3948 0.0
3949 0.0
3950 0.0
3951 0.0
3952 0.0
3953 0.0
3954 0.0
3955 0.0
3956 0.0
3957 0.0
3958 0.0
3959 0.0
3960 0.0
3961 0.0
3962 0.0
3963 0.0
3964 0.0
3965 0.0
3966 0.0
3967 0.0
3968 0.0
3969 0.0
3970 0.0
3971 0.0
3972 0.0
3973 0.0
3974 0.0
3975 0.0
3976 0.0
3977 0.0
3978 0.0
3979 0.0
3980 0.0
3981 0.0
3982 0.0
3983 0.0
3984 0.0
3985 0.0
3986 0.0
3987 0.0
3988 0.0
3989 0.0
3990 0.0
3991 0.0
3992 0.0
3993 0.0
3994 0.0
3995 0.0
3996 0.0
3997 0.0
3998 0.0
3999 0.0
4000 0.0
4001 0.0
4002 0.0
4003 0.0
4004 0.0
4005 0.0
4006 0.0
4007 0.0
4008 0.0
4009 0.0
4010 0.0
4011 0.0
4012 0.0
4013 0.0
4014 0.0
4015 0.0
4016 0.0
4017 0.0
4018 0.0
4019 0.0
4020 0.0
4021 0.0
4022 0.0
4023 0.0
4024 0.0
4025 0.0
4026 0.0
4027 0.0
4028 0.0
4029 0.0
4030 0.0
4031 0.0
4032 0.0
4033 0.0
4034 0.0
4035 0.0
4036 0.0
4037 0.0
4038 0.0
4039 0.0
4040 0.0
4041 0.0
4042 0.0
4043 0.0
4044 0.0
4045 0.0
4046 0.0
4047 0.0
4048 0.0
4049 0.0
4050 0.0
4051 0.0
4052 0.0
4053 0.0
4054 0.0
4055 0.0
4056 0.0
4057 0.0
4058 0.0
4059 0.0
4060 0.0
4061 0.0
4062 0.0
4063 0.0
4064 0.0
4065 0.0
4066 0.0
4067 0.0
4068 0.0
4069 0.0
4070 0.0
4071 0.0
4072 0.0
4073 0.0
4074 0.0
4075 0.0
4076 0.0
4077 0.0
4078 0.0
4079 0.0
4080 0.0
4081 0.0
4082 0.0
4083 0.0
4084 0.0
4085 0.0
4086 0.0
4087 0.0
4088 0.0
4089 0.0
4090 0.0
4091 0.0
4092 0.0
4093 0.0
4094 0.0
4095 0.0
4096 0.0
4097 0.0
4098 0.0
4099 0.0
4100 0.0
4101 0.0
4102 0.0
4103 0.0
4104 0.0
4105 0.0
4106 0.0
4107 0.0
4108 0.0
4109 0.0
4110 0.0
4111 0.0
4112 0.0
4113 0.0
4114 0.0
4115 0.0
4116 0.0
4117 0.0
4118 0.0
4119 0.0
4120 0.0
4121 0.0
4122 0.0
4123 0.0
4124 0.0
4125 0.0
4126 0.0
4127 0.0
4128 0.0
4129 0.0
4130 0.0
4131 0.0
4132 0.0
4133 0.0
4134 0.0
4135 0.0
4136 0.0
4137 0.0
4138 0.0
4139 0.0
4140 0.0
4141 0.0
4142 0.0
4143 0.0
4144 0.0
4145 0.0
4146 0.0
4147 0.0
4148 0.0
4149 0.0
4150 0.0
4151 0.0
4152 0.0
4153 0.0
4154 0.0
4155 0.0
4156 0.0
4157 0.0
4158 0.0
4159 0.0
4160 0.0
4161 0.0
4162 0.0
4163 0.0
4164 0.0
4165 0.0
4166 0.0
4167 0.0
4168 0.0
4169 0.0
4170 0.0
4171 0.0
4172 0.0
4173 0.0
4174 0.0
4175 0.0
4176 0.0
4177 0.0
4178 0.0
4179 0.0
4180 0.0
4181 0.0
4182 0.0
4183 0.0
4184 0.0
4185 0.0
4186 0.0
4187 0.0
4188 0.0
4189 0.0
4190 0.0
4191 0.0
4192 0.0
4193 0.0
4194 0.0
4195 0.0
4196 0.0
4197 0.0
4198 0.0
4199 0.0
4200 0.0
4201 0.0
4202 0.0
4203 0.0
4204 0.0
4205 0.0
4206 0.0
4207 0.0
4208 0.0
4209 0.0
4210 0.0
4211 0.0
4212 0.0
4213 0.0
4214 0.0
4215 0.0
4216 0.0
4217 0.0
4218 0.0
4219 0.0
4220 0.0
4221 0.0
4222 0.0
4223 0.0
4224 0.0
4225 0.0
4226 0.0
4227 0.0
4228 0.0
4229 0.0
4230 0.0
4231 0.0
4232 0.0
4233 0.0
4234 0.0
4235 0.0
4236 0.0
4237 0.0
4238 0.0
4239 0.0
4240 0.0
4241 0.0
4242 0.0
4243 0.0
4244 0.0
4245 0.0
4246 0.0
4247 0.0
4248 0.0
4249 0.0
4250 0.0
4251 0.0
4252 0.0
4253 0.0
4254 0.0
4255 0.0
4256 0.0
4257 0.0
4258 0.0
4259 0.0
4260 0.0
4261 0.0
4262 0.0
4263 0.0
4264 0.0
4265 0.0
4266 0.0
4267 0.0
4268 0.0
4269 0.0
4270 0.0
4271 0.0
4272 0.0
4273 0.0
4274 0.0
4275 0.0
4276 0.0
4277 0.0
4278 0.0
4279 0.0
4280 0.0
4281 0.0
4282 0.0
4283 0.0
4284 0.0
4285 0.0
4286 0.0
4287 0.0
4288 0.0
4289 0.0
4290 0.0
4291 0.0
4292 0.0
4293 0.0
4294 0.0
4295 0.0
4296 0.0
4297 0.0
4298 0.0
4299 0.0
4300 0.0
4301 0.0
4302 0.0
4303 0.0
4304 0.0
4305 0.0
4306 0.0
4307 0.0
4308 0.0
4309 0.0
4310 0.0
4311 0.0
4312 0.0
4313 0.0
4314 0.0
4315 0.0
4316 0.0
4317 0.0
4318 0.0
4319 0.0
4320 0.0
4321 0.0
4322 0.0
4323 0.0
4324 0.0
4325 0.0
4326 0.0
4327 0.0
4328 0.0
4329 0.0
4330 0.0
4331 0.0
4332 0.0
4333 0.0
4334 0.0
4335 0.0
4336 0.0
4337 0.0
4338 0.0
4339 0.0
4340 0.0
4341 0.0
4342 0.0
4343 0.0
4344 0.0
4345 0.0
4346 0.0
4347 0.0
4348 0.0
4349 0.0
4350 0.0
4351 0.0
4352 0.0
4353 0.0
4354 0.0
4355 0.0
4356 0.0
4357 0.0
4358 0.0
4359 0.0
4360 0.0
4361 0.0
4362 0.0
4363 0.0
4364 0.0
4365 0.0
4366 0.0
4367 0.0
4368 0.0
4369 0.0
4370 0.0
4371 0.0
4372 0.0
4373 0.0
4374 0.0
4375 0.0
4376 0.0
4377 0.0
4378 0.0
4379 0.0
4380 0.0
4381 0.0
4382 0.0
4383 0.0
4384 0.0
4385 0.0
4386 0.0
4387 0.0
4388 0.0
4389 0.0
4390 0.0
4391 0.0
4392 0.0
4393 0.0
4394 0.0
4395 0.0
4396 0.0
4397 0.0
4398 0.0
4399 0.0
4400 0.0
4401 0.0
4402 0.0
4403 0.0
4404 0.0
4405 0.0
4406 0.0
4407 0.0
4408 0.0
4409 0.0
4410 0.0
4411 0.0
4412 0.0
4413 0.0
4414 0.0
4415 0.0
4416 0.0
4417 0.0
4418 0.0
4419 0.0
4420 0.0
4421 0.0
4422 0.0
4423 0.0
4424 0.0
4425 0.0
4426 0.0
4427 0.0
4428 0.0
4429 0.0
4430 0.0
4431 0.0
4432 0.0
4433 0.0
4434 0.0
4435 0.0
4436 0.0
4437 0.0
4438 0.0
4439 0.0
4440 0.0
4441 0.0
4442 0.0
4443 0.0
4444 0.0
4445 0.0
4446 0.0
4447 0.0
4448 0.0
4449 0.0
4450 0.0
4451 0.0
4452 0.0
4453 0.0
4454 0.0
4455 0.0
4456 0.0
4457 0.0
4458 0.0
4459 0.0
4460 0.0
4461 0.0
4462 0.0
4463 0.0
4464 0.0
4465 0.0
4466 0.0
4467 0.0
4468 0.0
4469 0.0
4470 0.0
4471 0.0
4472 0.0
4473 0.0
4474 0.0
4475 0.0
4476 0.0
4477 0.0
4478 0.0
4479 0.0
4480 0.0
4481 0.0
4482 0.0
4483 0.0
4484 0.0
4485 0.0
4486 0.0
4487 0.0
4488 0.0
4489 0.0
4490 0.0
4491 0.0
4492 0.0
4493 0.0
4494 0.0
4495 0.0
4496 0.0
4497 0.0
4498 0.0
4499 0.0
4500 0.0
4501 0.0
4502 0.0
4503 0.0
4504 0.0
4505 0.0
4506 0.0
4507 0.0
4508 0.0
4509 0.0
4510 0.0
4511 0.0
4512 0.0
4513 0.0
4514 0.0
4515 0.0
4516 0.0
4517 0.0
4518 0.0
4519 0.0
4520 0.0
4521 0.0
4522 0.0
4523 0.0
4524 0.0
4525 0.0
4526 0.0
4527 0.0
4528 0.0
4529 0.0
4530 0.0
4531 0.0
4532 0.0
4533 0.0
4534 0.0
4535 0.0
4536 0.0
4537 0.0
4538 0.0
4539 0.0
4540 0.0
4541 0.0
4542 0.0
4543 0.0
4544 0.0
4545 0.0
4546 0.0
4547 0.0
4548 0.0
4549 0.0
4550 0.0
4551 0.0
4552 0.0
4553 0.0
4554 0.0
4555 0.0
4556 0.0
4557 0.0
4558 0.0
4559 0.0
4560 0.0
4561 0.0
4562 0.0
4563 0.0
4564 0.0
4565 0.0
4566 0.0
4567 0.0
4568 0.0
4569 0.0
4570 0.0
4571 0.0
4572 0.0
4573 0.0
4574 0.0
4575 0.0
4576 0.0
4577 0.0
4578 0.0
4579 0.0
4580 0.0
4581 0.0
4582 0.0
4583 0.0
4584 0.0
4585 0.0
4586 0.0
4587 0.0
4588 0.0
4589 0.0
4590 0.0
4591 0.0
4592 0.0
4593 0.0
4594 0.0
4595 0.0
4596 0.0
4597 0.0
4598 0.0
4599 0.0
4600 0.0
4601 0.0
4602 0.0
4603 0.0
4604 0.0
4605 0.0
4606 0.0
4607 0.0
4608 0.0
4609 0.0
4610 0.0
4611 0.0
4612 0.0
4613 0.0
4614 0.0
4615 0.0
4616 0.0
4617 0.0
4618 0.0
4619 0.0
4620 0.0
4621 0.0
4622 0.0
4623 0.0
4624 0.0
4625 0.0
4626 0.0
4627 0.0
4628 0.0
4629 0.0
4630 0.0
4631 0.0
4632 0.0
4633 0.0
4634 0.0
4635 0.0
4636 0.0
4637 0.0
4638 0.0
4639 0.0
4640 0.0
4641 0.0
4642 0.0
4643 0.0
4644 0.0
4645 0.0
4646 0.0
4647 0.0
4648 0.0
4649 0.0
4650 0.0
4651 0.0
4652 0.0
4653 0.0
4654 0.0
4655 0.0
4656 0.0
4657 0.0
4658 0.0
4659 0.0
4660 0.0
4661 0.0
4662 0.0
4663 0.0
4664 0.0
4665 0.0
4666 0.0
4667 0.0
4668 0.0
4669 0.0
4670 0.0
4671 0.0
4672 0.0
4673 0.0
4674 0.0
4675 0.0
4676 0.0
4677 0.0
4678 0.0
4679 0.0
4680 0.0
4681 0.0
4682 0.0
4683 0.0
4684 0.0
4685 0.0
4686 0.0
4687 0.0
4688 0.0
4689 0.0
4690 0.0
4691 0.0
4692 0.0
4693 0.0
4694 0.0
4695 0.0
4696 0.0
4697 0.0
4698 0.0
4699 0.0
4700 0.0
4701 0.0
4702 0.0
4703 0.0
4704 0.0
4705 0.0
4706 0.0
4707 0.0
4708 0.0
4709 0.0
4710 0.0
4711 0.0
4712 0.0
4713 0.0
4714 0.0
4715 0.0
4716 0.0
4717 0.0
4718 0.0
4719 0.0
4720 0.0
4721 0.0
4722 0.0
4723 0.0
4724 0.0
4725 0.0
4726 0.0
4727 0.0
4728 0.0
4729 0.0
4730 0.0
4731 0.0
4732 0.0
4733 0.0
4734 0.0
4735 0.0
4736 0.0
4737 0.0
4738 0.0
4739 0.0
4740 0.0
4741 0.0
4742 0.0
4743 0.0
4744 0.0
4745 0.0
4746 0.0
4747 0.0
4748 0.0
4749 0.0
4750 0.0
4751 0.0
4752 0.0
4753 0.0
4754 0.0
4755 0.0
4756 0.0
4757 0.0
4758 0.0
4759 0.0
4760 0.0
4761 0.0
4762 0.0
4763 0.0
4764 0.0
4765 0.0
4766 0.0
4767 0.0
4768 0.0
4769 0.0
4770 0.0
4771 0.0
4772 0.0
4773 0.0
4774 0.0
4775 0.0
4776 0.0
4777 0.0
4778 0.0
4779 0.0
4780 0.0
4781 0.0
4782 0.0
4783 0.0
4784 0.0
4785 0.0
4786 0.0
4787 0.0
4788 0.0
4789 0.0
4790 0.0
4791 0.0
4792 0.0
4793 0.0
4794 0.0
4795 0.0
4796 0.0
4797 0.0
4798 0.0
4799 0.0
4800 0.0
4801 0.0
4802 0.0
4803 0.0
4804 0.0
4805 0.0
4806 0.0
4807 0.0
4808 0.0
4809 0.0
4810 0.0
4811 0.0
4812 0.0
4813 0.0
4814 0.0
4815 0.0
4816 0.0
4817 0.0
4818 0.0
4819 0.0
4820 0.0
4821 0.0
4822 0.0
4823 0.0
4824 0.0
4825 0.0
4826 0.0
4827 0.0
4828 0.0
4829 0.0
4830 0.0
4831 0.0
4832 0.0
4833 0.0
4834 0.0
4835 0.0
4836 0.0
4837 0.0
4838 0.0
4839 0.0
4840 0.0
4841 0.0
4842 0.0
4843 0.0
4844 0.0
4845 0.0
4846 0.0
4847 0.0
4848 0.0
4849 0.0
4850 0.0
4851 0.0
4852 0.0
4853 0.0
4854 0.0
4855 0.0
4856 0.0
4857 0.0
4858 0.0
4859 0.0
4860 0.0
4861 0.0
4862 0.0
4863 0.0
4864 0.0
4865 0.0
4866 0.0
4867 0.0
4868 0.0
4869 0.0
4870 0.0
4871 0.0
4872 0.0
4873 0.0
4874 0.0
4875 0.0
4876 0.0
4877 0.0
4878 0.0
4879 0.0
4880 0.0
4881 0.0
4882 0.0
4883 0.0
4884 0.0
4885 0.0
4886 0.0
4887 0.0
4888 0.0
4889 0.0
4890 0.0
4891 0.0
4892 0.0
4893 0.0
4894 0.0
4895 0.0
4896 0.0
4897 0.0
4898 0.0
4899 0.0
4900 0.0
4901 0.0
4902 0.0
4903 0.0
4904 0.0
4905 0.0
4906 0.0
4907 0.0
4908 0.0
4909 0.0
4910 0.0
4911 0.0
4912 0.0
4913 0.0
4914 0.0
4915 0.0
4916 0.0
4917 0.0
4918 0.0
4919 0.0
4920 0.0
4921 0.0
4922 0.0
4923 0.0
4924 0.0
4925 0.0
4926 0.0
4927 0.0
4928 0.0
4929 0.0
4930 0.0
4931 0.0
4932 0.0
4933 0.0
4934 0.0
4935 0.0
4936 0.0
4937 0.0
4938 0.0
4939 0.0
4940 0.0
4941 0.0
4942 0.0
4943 0.0
4944 0.0
4945 0.0
4946 0.0
4947 0.0
4948 0.0
4949 0.0
4950 0.0
4951 0.0
4952 0.0
4953 0.0
4954 0.0
4955 0.0
4956 0.0
4957 0.0
4958 0.0
4959 0.0
4960 0.0
4961 0.0
4962 0.0
4963 0.0
4964 0.0
4965 0.0
4966 0.0
4967 0.0
4968 0.0
4969 0.0
4970 0.0
4971 0.0
4972 0.0
4973 0.0
4974 0.0
4975 0.0
4976 0.0
4977 0.0
4978 0.0
4979 0.0
4980 0.0
4981 0.0
4982 0.0
4983 0.0
4984 0.0
4985 0.0
4986 0.0
4987 0.0
4988 0.0
4989 0.0
4990 0.0
4991 0.0
4992 0.0
4993 0.0
4994 0.0
4995 0.0
4996 0.0
4997 0.0
4998 0.0
4999 0.0
