0 2.2410709194725325
1 0.6915757590396344
2 0.29199765859851967
3 0.12021734704081985
4 0.04452797383489131
5 0.01729665958247655
6 0.010671929214935228
7 0.0050115305529484094
8 0.0016142439581792584
9 0.0010278302047526681
10 0.0004827053504558096
11 0.00021493917243643716
12 9.155784850252115e-05
13 5.3498242047957356e-05
14 2.367526273276253e-05
15 6.837294110708526e-06
16 4.435762811127038e-06
17 2.373239969483128e-06
18 1.5255058941928553e-06
19 8.235596670553901e-07
20 1.9274113215586562e-07
21 1.1958326576922905e-07
22 5.975389435842807e-08
23 2.7070334912177594e-08
24 1.705958161183076e-08
25 6.176681900776913e-09
26 4.6941981577866324e-09
27 1.943602937471713e-09
28 8.189356365095912e-10
29 4.4584292231367935e-10
30 1.637161053408966e-10
31 8.315275335225402e-11
32 4.1274114143193934e-11
33 1.9871034612765614e-11
34 9.39248303191824e-12
35 6.3485364318819184e-12
36 2.9388190171468685e-12
37 1.1392650609091534e-12
38 6.262378654935878e-13
39 2.5935366176896565e-13
40 1.3006776753810262e-13
41 6.178057616426502e-14
42 3.242811982211327e-14
43 1.819877919409511e-14
44 8.758909586377165e-15
45 4.704978595280993e-15
46 2.5337372655627652e-15
47 1.0498635611211281e-15
48 4.606105762501528e-16
49 1.6370845318132268e-16
50 6.646222472346897e-17
51 5.4789988002887575e-17
52 2.0440056644200316e-17
53 1.561384329748298e-17
54 6.584621433333058e-18
55 4.216003762977149e-18
56 1.7459151283163387e-18
57 6.876181885566108e-19
58 3.734383176965241e-19
59 2.299377594563623e-19
60 1.0367625643451824e-19
61 6.250191283722788e-20
62 2.8899565689901294e-20
63 1.075091535164071e-20
64 3.2234253853918866e-21
65 1.476851191173074e-21
66 1.1116880521497291e-21
67 5.661933821889785e-22
68 2.887436183891837e-22
69 1.2985359450435432e-22
70 8.585929522515475e-23
71 4.043259204009348e-23
72 1.6652796483502164e-23
73 9.006394883104519e-24
74 3.5348098579060644e-24
75 2.170075686198661e-24
76 7.716347518899175e-25
77 3.756280837188609e-25
78 2.2630030294969457e-25
79 1.0604701015829558e-25
80 4.653845281479199e-26
81 2.3395773340971592e-26
82 8.508478615669638e-27
83 4.4162569752944605e-27
84 2.4612742886122053e-27
85 1.3796822384636909e-27
86 8.550068976882778e-28
87 4.968883406646745e-28
88 1.8426364901984963e-28
89 5.616737274473177e-29
90 3.676760926947638e-29
91 2.722620183937138e-29
92 1.2967750848846324e-29
93 5.9479280915697556e-30
94 3.441553221318919e-30
95 1.9222339167724553e-30
96 6.213678766948113e-31
97 4.977322567561616e-31
98 1.9207852410558456e-31
99 1.063898237955764e-31
100 5.061205575974778e-32
101 2.2247311776052665e-32
102 1.1840339973605909e-32
103 5.432785272615506e-33
104 2.1626334518368205e-33
105 9.242536806431015e-34
106 5.642894183268995e-34
107 2.4609186465234587e-34
108 1.243029854784696e-34
109 3.798967458845908e-35
110 2.570673414690912e-35
111 1.290831114596623e-35
112 7.572303385277502e-36
113 2.4659864400742516e-36
114 1.222274020526772e-36
115 1.0217180291970334e-36
116 2.9827918541669955e-37
117 1.7910451858006564e-37
118 8.962981284700607e-38
119 5.253523003944095e-38
120 2.514083483794186e-38
121 1.1980427699092082e-38
122 4.9433879461867696e-39
123 2.5454482156581527e-39
124 1.5530824564023398e-39
125 7.138317379960646e-40
126 3.5980721544202688e-40
127 2.115074141034211e-40
128 6.746551332028291e-41
129 4.260731334586283e-41
130 2.434546342929248e-41
131 1.1413691425174362e-41
132 3.485333389032743e-42
133 2.3609068153693785e-42
134 1.5095103896839613e-42
135 8.753310816510723e-43
136 2.8976643649892447e-43
137 2.0386778241259885e-43
138 1.0783667318591416e-43
139 6.672615528684635e-44
140 3.2358515985297705e-44
141 1.3915490576421683e-44
142 5.980187852039643e-45
143 2.4582215802307665e-45
144 8.308401241019593e-46
145 3.945357730324335e-46
146 2.0849348714437013e-46
147 9.493482278104556e-47
148 6.765897942131596e-47
149 2.974919823642675e-47
150 1.2628495658110355e-47
151 7.703864519147224e-48
152 2.979786181565975e-48
153 1.8694784173140474e-48
154 8.750032741493984e-49
155 3.314812091529549e-49
156 2.0249679976111394e-49
157 1.3101172734344566e-49
158 6.184959901312886e-50
159 3.7145187224313633e-50
160 1.750849913884776e-50
161 7.69958621021701e-51
162 5.2856485302039757e-51
163 2.3490083629573412e-51
164 1.0185337123098322e-51
165 5.735689461664389e-52
166 3.1326228466649497e-52
167 1.2115625623880935e-52
168 7.974888276035751e-53
169 4.8207965271601995e-53
170 1.6111765031787917e-53
171 8.263655808111314e-54
172 3.6111581773976e-54
173 1.5761721428613223e-54
174 9.210099660450743e-55
175 3.8659606509010664e-55
176 1.8044413119119025e-55
177 7.888760621571584e-56
178 5.163227827459235e-56
179 2.1767433859482074e-56
180 8.802647466871999e-57
181 4.2795425909129383e-57
182 2.4956079434070236e-57
183 1.2012417278692812e-57
184 3.800168450031736e-58
185 1.4518305090143351e-58
186 6.884895319762412e-59
187 4.391349355802995e-59
188 2.4421082875421114e-59
189 1.3782969025938362e-59
190 7.601276308186672e-60
191 3.9808091981837316e-60
192 1.6646502253637066e-60
193 8.252281199182178e-61
194 3.988116334538686e-61
195 2.1988898350501616e-61
196 1.415197681141654e-61
197 6.878055105629451e-62
198 3.212454800275452e-62
199 1.826621993360022e-62
200 6.352851334587165e-63
201 3.353801428346743e-63
202 1.8397750389071552e-63
203 1.1350857563872069e-63
204 3.2339741746892004e-64
205 2.1474454290396627e-64
206 8.84702570484753e-65
207 3.7231074493133622e-65
208 2.2639738142062493e-65
209 1.0269187341973709e-65
210 6.548810107805759e-66
211 2.2546892578378766e-66
212 1.56876175939466e-66
213 5.7983507820540766e-67
214 1.9758406114102466e-67
215 1.1723099829900199e-67
216 5.750794812808258e-68
217 3.728821694757577e-68
218 1.7512688785912813e-68
219 1.2032579650559581e-68
220 6.573674884460912e-69
221 1.821873971105718e-69
222 1.2136439538466086e-69
223 6.710496358875974e-70
224 3.9678382329272544e-70
225 1.576200946577718e-70
226 4.940656475286724e-71
227 3.325179578239665e-71
228 1.2754242752108574e-71
229 8.110947957104093e-72
230 3.3734056872310877e-72
231 2.39746097299596e-72
232 9.412243524923025e-73
233 2.99499615812532e-73
234 2.1074813631723578e-73
235 9.983618100789682e-74
236 5.017560730733658e-74
237 1.8145069009036034e-74
238 1.2705640524202218e-74
239 6.894449806005007e-75
240 3.496752995213357e-75
241 2.486717301485755e-75
242 1.3107527905226066e-75
243 7.432182242855121e-76
244 2.496064865920078e-76
245 1.5420918500568313e-76
246 8.383148047770468e-77
247 4.52530810514235e-77
248 2.8452966170408464e-77
249 9.484404217702796e-78
250 4.964182336212744e-78
251 2.4968869577973058e-78
252 1.541452114165997e-78
253 8.039292745616177e-79
254 4.3888201768488494e-79
255 2.3727655884562525e-79
256 6.2003944696368975e-80
257 3.6299180354627285e-80
258 2.4309170645582234e-80
259 7.851132298816975e-81
260 4.343345118831963e-81
261 2.2646949168571543e-81
262 1.378393790118201e-81
263 7.907119255892271e-82
264 2.200892832840464e-82
265 1.6789045012292083e-82
266 8.032527419293144e-83
267 4.572706990890337e-83
268 7.890684091772703e-84
269 6.22640924686862e-84
270 2.8219552376389898e-84
271 1.2050111355718243e-84
272 7.408830934453113e-85
273 2.8716529134016475e-85
274 1.4001742231036384e-85
275 1.1013124438603421e-85
276 6.283236476414709e-86
277 3.972327804109743e-86
278 1.4197371465210387e-86
279 1.0284353551949685e-86
280 3.6198287783388997e-87
281 2.3517849906426184e-87
282 9.178739070679202e-88
283 4.873729705157149e-88
284 3.0259542871781916e-88
285 1.4083891325582535e-88
286 7.786152648368418e-89
287 3.031284824897327e-89
288 1.5310268029945248e-89
289 7.969162540859377e-90
290 2.002051427182563e-90
291 1.1458617730625627e-90
292 6.705023837099183e-91
293 4.8141215510814203e-91
294 2.3399430518675622e-91
295 1.1318153925532277e-91
296 5.71938201376332e-92
297 1.7353978022959433e-92
298 8.106253468405444e-93
299 5.474861538333594e-93
300 2.689489243253864e-93
301 9.319260683319696e-94
302 4.5646818308719173e-94
303 3.2642313602079014e-94
304 2.607827100339396e-94
305 1.5940076854418477e-94
306 4.111687232365593e-95
307 2.036213781068979e-95
308 1.4774700293615354e-95
309 8.619973543466296e-96
310 3.600329884800402e-96
311 1.7136541895527028e-96
312 4.306079940590064e-97
313 2.8013375448234765e-97
314 1.0503161764517407e-97
315 7.183966518112444e-98
316 3.0506644097618116e-98
317 9.612693354949624e-99
318 6.980780157002887e-99
319 4.188701289337211e-99
320 1.5476159710129256e-99
321 8.708299668259824e-100
322 4.816855413475801e-100
323 2.663783737174527e-100
324 1.421406055028308e-100
325 5.1221774683950513e-101
326 2.3557279245429513e-101
327 9.668428419480355e-102
328 5.962185767082396e-102
329 3.5722508101241154e-102
330 2.1428676200960604e-102
331 1.2160686388691183e-102
332 7.349364078323644e-103
333 3.299881861762827e-103
334 1.3601710736534586e-103
335 7.83692617833835e-104
336 2.965094874732152e-104
337 2.233806257680298e-104
338 3.4222819845870645e-105
339 2.3290695558883163e-105
340 9.78031787959231e-106
341 5.748233770701945e-106
342 3.8313121730174833e-106
343 2.0018809717589122e-106
344 7.247827057239786e-107
345 2.495196998282097e-107
346 1.5813642642054385e-107
347 8.388075462101559e-108
348 5.623482448087538e-108
349 3.3036375367770665e-108
350 1.4872573512757897e-108
351 9.343559566079037e-109
352 2.590281929484895e-109
353 9.569358739971169e-110
354 5.0582488656593765e-110
355 4.0969293870764814e-110
356 1.868851214745411e-110
357 6.785240706539083e-111
358 5.113790947906493e-111
359 2.018607765891936e-111
360 9.666803355791693e-112
361 6.033075931791822e-112
362 1.4434470541088026e-112
363 9.316939296530216e-113
364 5.855737690854625e-113
365 3.0725865042042266e-113
366 1.4348977155460506e-113
367 8.404304812644541e-114
368 4.142717013271992e-114
369 1.4433349456911537e-114
370 1.1708004069091011e-114
371 5.907587299243916e-115
372 2.4687236471204737e-115
373 1.492706493077458e-115
374 9.231760262300223e-116
375 4.3343111533787417e-116
376 1.996583710596667e-116
377 1.0275529598422797e-116
378 6.006006199926378e-117
379 3.514961124342421e-117
380 1.430172052262573e-117
381 4.162900486787145e-118
382 2.3030198681963486e-118
383 1.7623149269418737e-118
384 8.027016721843502e-119
385 4.0574644922039486e-119
386 1.711138414125773e-119
387 7.083938145840934e-120
388 4.9391677636144645e-120
389 2.3751804935550882e-120
390 1.6307859825588966e-120
391 6.4140573454225175e-121
392 1.8494289416154182e-121
393 1.3206120362788254e-121
394 6.869858834403023e-122
395 3.3945423286485413e-122
396 1.343858885672573e-122
397 4.1830118288970414e-123
398 2.8526045002907872e-123
399 8.075070830682401e-124
400 4.856029345579516e-124
401 2.3810835783946616e-124
402 1.3925495434311153e-124
403 4.904840662182869e-125
404 3.268757295191281e-125
405 2.0343395613671785e-125
406 1.1065419003361243e-125
407 4.983956468957513e-126
408 2.164404328353048e-126
409 1.091983786397019e-126
410 5.7157625499170054e-127
411 4.749338607410432e-127
412 2.1463166419128036e-127
413 8.471998016840217e-128
414 4.056300299348006e-128
415 1.5489584491124123e-128
416 6.471856916729327e-129
417 2.892748081522923e-129
418 2.2508414006887767e-129
419 1.229576042103816e-129
420 6.629062145702086e-130
421 1.9696839233164772e-130
422 1.4934987343755186e-130
423 4.491105249072167e-131
424 1.577247014493017e-131
425 1.0729529943071598e-131
426 3.78296741318375e-132
427 2.9647984974610805e-132
428 1.541424306175135e-132
429 5.3464360936467796e-133
430 1.7167746296437677e-133
431 9.115838222544386e-134
432 5.123020006846481e-134
433 3.646483708411738e-134
434 1.4668518579157609e-134
435 8.016471234143696e-135
436 4.9288715723974966e-135
437 1.930258708758941e-135
438 1.0572248520313132e-135
439 5.7147532828347616e-136
440 3.1139428016416982e-136
441 1.6951876736477962e-136
442 8.866624395045853e-137
443 4.1074865716386465e-137
444 1.5333386829310027e-137
445 1.0342774022386892e-137
446 7.49508907326523e-138
447 2.146503381225977e-138
448 7.630847233556892e-139
449 4.9906964157136364e-139
450 1.8933177917733907e-139
451 5.902625917089274e-140
452 4.991756725420655e-140
453 2.1007968116099943e-140
454 1.2202304909288778e-140
455 7.683554191560303e-141
456 2.4759091455595925e-141
457 1.4560172516066398e-141
458 5.223227966110529e-142
459 2.8585131568771993e-142
460 2.0881292073899488e-142
461 1.5912395614599954e-142
462 8.292659751339814e-143
463 3.0896007787679794e-143
464 1.5038555283525694e-143
465 7.025008480579557e-144
466 2.9986891351549015e-144
467 1.2333767189453408e-144
468 5.933979618370511e-145
469 3.7285039624858965e-145
470 2.2501739504580475e-145
471 1.1149770268706403e-145
472 5.925938971224886e-146
473 2.6102908739151256e-146
474 1.752654200276712e-146
475 8.442227415195078e-147
476 5.732395629930215e-147
477 4.3315719573043414e-147
478 8.030051489744157e-148
479 6.270286720612314e-148
480 1.9810431030756716e-148
481 1.1430246123357742e-148
482 4.6887343937856965e-149
483 3.022862244013374e-149
484 1.6664929738725718e-149
485 3.920700314686422e-150
486 2.3430662066498614e-150
487 1.7655613987608505e-150
488 8.72672656733687e-151
489 5.578710442834393e-151
490 1.7072414274747102e-151
491 8.106018935331027e-152
492 4.4868177022857496e-152
493 2.1804871690984348e-152
494 1.0293023816176404e-152
495 5.504209464620031e-153
496 3.319167765372102e-153
497 1.8967522572506208e-153
498 1.0824287135576245e-153
499 4.234212309839021e-154
500 2.288277735761641e-154
501 1.189202786664214e-154
502 7.059134377354993e-155
503 1.995608395052478e-155
504 1.0214752426717504e-155
505 4.440645920798493e-156
506 1.742962589229023e-156
507 8.232945230373083e-157
508 5.047218280834524e-157
509 3.367102601323739e-157
510 1.0659509484545364e-157
511 4.2103604773036565e-158
512 2.0664377562035644e-158
513 1.6316127020560191e-158
514 7.895647932232671e-159
515 4.1283939918188493e-159
516 2.457742817504452e-159
517 1.179621080734944e-159
518 6.552802330275902e-160
519 4.307659806633044e-160
520 2.4095520687874156e-160
521 5.522213812360906e-161
522 4.7446287384810795e-161
523 2.172062098797772e-161
524 4.794224948144211e-162
525 3.673139765792647e-162
526 2.133705079791864e-162
527 5.287949850494565e-163
528 3.2391738611502366e-163
529 2.5132707937318235e-163
530 1.1011081710284062e-163
531 6.859150865544861e-164
532 2.7394412348735333e-164
533 1.9786536201874027e-164
534 1.2007567457142072e-164
535 2.8499354841333375e-165
536 1.5426522750436637e-165
537 8.875726163350443e-166
538 4.8929147396200856e-166
539 2.166728530071011e-166
540 1.2073666763124921e-166
541 5.023992735631358e-167
542 3.775296115970578e-167
543 2.0844044628096843e-167
544 1.005319886592786e-167
545 3.1823314176818374e-168
546 1.2203132877693418e-168
547 8.511393369961429e-169
548 6.097497337420309e-169
549 2.3841234113396494e-169
550 9.55266940939017e-170
551 4.990681751808837e-170
552 2.5313933261359063e-170
553 1.2927906934294731e-170
554 6.809051163117596e-171
555 1.6129887189288704e-171
556 6.82143464269432e-172
557 3.39708548666758e-172
558 1.97448898453284e-172
559 1.3824920956168328e-172
560 5.325727325370221e-173
561 4.1179392994831555e-173
562 2.0685668146446862e-173
563 1.0919993679949696e-173
564 5.064151454631124e-174
565 1.9386603142723293e-174
566 1.0350511095291973e-174
567 4.891857684181073e-175
568 2.5941090444716267e-175
569 1.4437145446834923e-175
570 9.07799085401825e-176
571 4.336793838346131e-176
572 1.633552173452756e-176
573 9.022501626055923e-177
574 8.208621501388343e-177
575 1.929147806353003e-177
576 1.1052572272450421e-177
577 6.09569018880779e-178
578 3.2894760322115457e-178
579 2.2712511761030313e-178
580 1.152591661897212e-178
581 3.8134928210491786e-179
582 1.3527613803740105e-179
583 5.818179488158093e-180
584 3.5184182214824897e-180
585 2.5507975737494172e-180
586 1.3505970494361656e-180
587 6.650243530569363e-181
588 3.233537845074209e-181
589 1.8428788828924862e-181
590 6.050262149305594e-182
591 3.184151079240151e-182
592 1.8817844859634662e-182
593 1.0918059008410188e-182
594 6.853810867753564e-183
595 5.488668480213316e-183
596 1.392783648579047e-183
597 5.832341453462174e-184
598 2.30944487438686e-184
599 1.2562300474947608e-184
600 4.093632482263353e-185
601 2.6875265250945635e-185
602 1.8753778625073223e-185
603 1.0320579924191644e-185
604 5.3132546462544804e-186
605 4.428219556543873e-186
606 1.8359759043297833e-186
607 6.712928372835742e-187
608 2.4248047769558335e-187
609 1.5315220492523054e-187
610 7.023709407520513e-188
611 3.5334956324670714e-188
612 2.057135256976712e-188
613 8.318658061132148e-189
614 3.710491179127027e-189
615 1.8215376269557023e-189
616 9.443656158687762e-190
617 5.510591537224166e-190
618 3.440382939159142e-190
619 1.183809966620183e-190
620 3.644930398646737e-191
621 2.0142308772856617e-191
622 9.885238306754896e-192
623 3.8416330080925276e-192
624 2.042955560086113e-192
625 1.2904770466152089e-192
626 7.0285007271926225e-193
627 3.3474929217873676e-193
628 1.963110627428931e-193
629 1.3224199203417443e-193
630 8.74833884699199e-194
631 3.213775908006141e-194
632 1.5072801651300702e-194
633 6.156303386090616e-195
634 1.935092020515082e-195
635 1.39463683862634e-195
636 6.381428005436154e-196
637 4.526471104516692e-196
638 1.9778883237537518e-196
639 1.1995092199958135e-196
640 4.582691273035337e-197
641 1.2811981388105914e-197
642 9.10033945735833e-198
643 6.0831676527311114e-198
644 1.6764190202535102e-198
645 8.199302160141496e-199
646 3.911063259752358e-199
647 2.161202633002831e-199
648 1.1557543664625873e-199
649 7.355849180853919e-200
650 2.6194158151081336e-200
651 1.0958684098556123e-200
652 5.919301410982389e-201
653 3.2650769167339652e-201
654 1.99426380584065e-201
655 9.514221284114013e-202
656 4.083672219484101e-202
657 1.7474462745237675e-202
658 1.066587464770731e-202
659 4.932265532629048e-203
660 2.490375629758642e-203
661 1.051883195751347e-203
662 5.691524126849321e-204
663 2.1980384193970545e-204
664 1.1063345558174159e-204
665 4.8445195765705415e-205
666 3.6630288878356445e-205
667 2.50394721561839e-205
668 1.2476887605559646e-205
669 3.638533020014077e-206
670 1.4586965971107407e-206
671 1.1293317663904695e-206
672 7.521637326589136e-207
673 4.401524171436177e-207
674 1.59011299713059e-207
675 6.063356799871811e-208
676 3.785210633424727e-208
677 1.6920399787193255e-208
678 5.197070902744438e-209
679 2.8528644172292837e-209
680 1.6066206636252034e-209
681 8.246146167099752e-210
682 5.75583669752754e-210
683 3.729177575497176e-210
684 2.4803290802435352e-210
685 7.5046283377236475e-211
686 4.811965452976486e-211
687 3.2092172745225666e-211
688 1.3986605243886757e-211
689 7.836975815664467e-212
690 4.031514434466388e-212
691 1.9671237258525175e-212
692 3.9280213196133485e-213
693 2.652283223152041e-213
694 1.663051855961771e-213
695 9.632139798058345e-214
696 4.970278288105515e-214
697 1.2365837992262011e-214
698 5.810699591039619e-215
699 3.056672294912488e-215
700 1.563245346747249e-215
701 7.039729180431252e-216
702 4.2199257307852176e-216
703 2.1959794915071337e-216
704 1.2101705794457533e-216
705 5.635300743767563e-217
706 1.847212947464404e-217
707 1.2115286106848435e-217
708 7.334415084514258e-218
709 4.4526476302064326e-218
710 2.7944226145953536e-218
711 7.624666207512002e-219
712 2.458654035258725e-219
713 1.8984180207382974e-219
714 1.0722887118453605e-219
715 5.695243147348667e-220
716 2.7459514008604067e-220
717 1.6651036040239854e-220
718 9.409853601724886e-221
719 3.206288110311656e-221
720 1.6613814845586193e-221
721 7.638956752039627e-222
722 3.1725600311361466e-222
723 1.749559549760084e-222
724 7.733308379580333e-223
725 4.418898504887852e-223
726 1.531609217706445e-223
727 8.818172217248021e-224
728 5.125041982891446e-224
729 3.368221374956288e-224
730 2.257658234073454e-224
731 6.988166963493066e-225
732 2.5300326475974703e-225
733 1.6133580339691664e-225
734 7.495767048393225e-226
735 3.8142568895558525e-226
736 1.7082087346598195e-226
737 1.067412217764088e-226
738 6.460427015840556e-227
739 3.3856251037858623e-227
740 1.8516567719040843e-227
741 5.986026638964047e-228
742 2.9723287863415897e-228
743 1.0625639757116218e-228
744 7.578913228644681e-229
745 3.2467114911528262e-229
746 1.6918995995968587e-229
747 9.665459991808693e-230
748 3.662972140031759e-230
749 2.1336460395165547e-230
750 1.4758385292817718e-230
751 1.2193301704723076e-230
752 2.9281732673199816e-231
753 2.264143320578935e-231
754 1.2115597394061379e-231
755 5.125401935503537e-232
756 2.495526138007584e-232
757 1.2457609401684344e-232
758 8.70986514978408e-233
759 1.8554722636405545e-233
760 6.719504835230518e-234
761 3.629954015217546e-234
762 2.5924043484772655e-234
763 2.007563080887588e-234
764 8.13292889250191e-235
765 4.282773149315764e-235
766 2.1988628351746145e-235
767 1.969640813770954e-235
768 7.093580969540605e-236
769 3.182408601773043e-236
770 1.173513234159237e-236
771 7.489245449392108e-237
772 2.7254157300384715e-237
773 8.443022155639967e-238
774 5.195646779902033e-238
775 4.61884190099916e-238
776 2.1076337713314684e-238
777 6.298494912153837e-239
778 3.0640934380197743e-239
779 1.4154355264612897e-239
780 9.192627188742095e-240
781 6.336515316648593e-240
782 3.457887228235846e-240
783 1.873915844520333e-240
784 1.220633413994716e-240
785 6.445005657285705e-241
786 5.0405145011874507e-241
787 1.3506070321143291e-241
788 3.224950779858049e-242
789 1.848987959095225e-242
790 6.898693085148864e-243
791 5.146053171134795e-243
792 3.54426123197803e-243
793 9.99577176724558e-244
794 6.401782195972332e-244
795 2.6176343085648957e-244
796 2.4662359917577797e-244
797 1.2518737731521274e-244
798 6.730475046119962e-245
799 2.856926899369015e-245
800 1.4519308434609778e-245
801 5.355333341123794e-246
802 3.640438182836438e-246
803 2.1975089403026822e-246
804 1.5281292977719398e-246
805 6.490865993149681e-247
806 3.4742531300923177e-247
807 1.638709994544694e-247
808 2.7750971065543025e-248
809 2.0815101819552504e-248
810 1.3192981280953225e-248
811 3.0712777165854864e-249
812 2.0743003334178314e-249
813 1.872297380971423e-249
814 6.239691801159609e-250
815 2.4806650228275204e-250
816 1.1064521341598117e-250
817 4.800322046273848e-251
818 2.1903679823700017e-251
819 1.7508560139301852e-251
820 1.4916393607695272e-251
821 4.3236844279048562e-252
822 2.3470713888041403e-252
823 1.7840574013713178e-252
824 5.85574792931634e-253
825 4.441342806947761e-253
826 1.2050221176322386e-253
827 6.3351890654646285e-254
828 3.640772701132137e-254
829 2.812369624101045e-254
830 1.2819541283502035e-254
831 3.684510646564569e-255
832 2.0753446620965235e-255
833 1.770996094823196e-255
834 7.294603049689404e-256
835 3.023813362748671e-256
836 1.0310364785527685e-256
837 7.992052484233797e-257
838 4.4877697697824534e-257
839 1.5646826353361788e-257
840 1.1195495510871096e-257
841 5.501085743340637e-258
842 2.2161289137908397e-258
843 1.2116473737449158e-258
844 2.789485000399019e-259
845 1.509142784991926e-259
846 8.536971190449777e-260
847 4.138024138506186e-260
848 1.815557277013318e-260
849 1.4972690772458897e-260
850 9.797966323014143e-261
851 5.8724981143487395e-261
852 3.452972005519627e-261
853 2.8079242807484244e-261
854 1.199774882340655e-261
855 3.847585990930726e-262
856 1.6534154243377645e-262
857 6.764412320279719e-263
858 4.898022008450227e-263
859 2.119291348651454e-263
860 5.915923273140678e-264
861 3.654395148246815e-264
862 2.315402517046882e-264
863 1.6966978006425927e-264
864 5.120783733411071e-265
865 2.2074773357176972e-265
866 9.579238640553425e-266
867 3.0900077111124006e-266
868 1.155453214420589e-266
869 7.3171468497158035e-267
870 6.002686534056089e-267
871 4.75803711074806e-267
872 1.7550331441910206e-267
873 8.334597262528646e-268
874 3.460648092519807e-268
875 2.562428178525692e-268
876 8.513771428730492e-269
877 5.073093844795307e-269
878 2.7190427834688537e-269
879 1.819643358693213e-269
880 9.887778164646057e-270
881 6.706817367026976e-270
882 2.896969946047226e-270
883 1.2232742136168592e-270
884 6.387040504837319e-271
885 2.6557756402304507e-271
886 1.1279893976719062e-271
887 2.986002646458838e-272
888 1.4287409314618224e-272
889 1.0509736293930505e-272
890 4.835551867449826e-273
891 2.8303935363705798e-273
892 2.272268415049868e-273
893 6.799897319886568e-274
894 2.651412946897605e-274
895 1.6370678193008182e-274
896 6.306292194982285e-275
897 4.9657665018563067e-275
898 2.6622471513072642e-275
899 1.5857603668495368e-275
900 8.639483557552281e-276
901 4.347402034173426e-276
902 9.87038160609001e-277
903 5.204585707497825e-277
904 3.7786930293568447e-277
905 1.647970769804933e-277
906 7.751614876461475e-278
907 7.389513721317988e-278
908 3.6842891007497197e-278
909 8.647231140058173e-279
910 5.20071484112595e-279
911 2.9240250862171474e-279
912 9.06438827252417e-280
913 4.740027456586705e-280
914 2.698203164732642e-280
915 9.321436381453423e-281
916 7.490631744764047e-281
917 3.304420087567946e-281
918 2.22634270712891e-281
919 1.5881864906503036e-281
920 3.008926580132679e-282
921 1.5900607050530654e-282
922 3.2587969487613455e-283
923 2.1557783928194664e-283
924 1.3931956771910714e-283
925 9.385516662210342e-284
926 5.3206221415830277e-284
927 3.874771131578903e-284
928 3.023984511301402e-284
929 1.5311647238396476e-284
930 3.529427430858958e-285
931 2.674455943687589e-285
932 2.1396446538151335e-285
933 1.1769834948321148e-285
934 6.752998934493739e-286
935 2.2875966056924305e-286
936 7.717519772551823e-287
937 5.489793802217891e-287
938 9.955667220760352e-288
939 3.697928919982361e-288
940 2.0174052222885077e-288
941 8.205697576171012e-289
942 6.236690043422055e-289
943 3.7445404811790707e-289
944 1.7575169376439986e-289
945 6.819176439178327e-290
946 3.3692557609924106e-290
947 1.9788848898321274e-290
948 1.2796691034560991e-290
949 5.719968642882239e-291
950 3.09440737481412e-291
951 1.3292012821808242e-291
952 6.336363036859543e-292
953 3.997052689169943e-292
954 1.6074307846588167e-292
955 9.87580524832047e-293
956 5.515963141695449e-293
957 1.5638105044065732e-293
958 8.618377677949975e-294
959 3.484819388864267e-294
960 3.0986543845487187e-294
961 1.435759972025477e-294
962 3.0627670011376716e-295
963 1.5280140555813362e-295
964 1.2976021123711911e-295
965 6.013149759788041e-296
966 2.4478313915833287e-296
967 1.7307911450767907e-296
968 1.242459830146318e-296
969 8.153014116197999e-297
970 1.880471479195814e-297
971 1.65369882380183e-297
972 1.3543921980902126e-297
973 5.451503516782849e-298
974 2.0631154337322885e-298
975 1.3375538445370224e-298
976 2.2404164107900873e-299
977 1.5794448210714014e-299
978 5.465157142454737e-300
979 2.188690339730459e-300
980 1.1990238048887971e-300
981 8.00222702978406e-301
982 5.801121400463597e-301
983 3.0050239766829137e-301
984 1.6313216306851135e-301
985 7.795387749376398e-302
986 5.060918581916513e-302
987 1.044830038817279e-302
988 8.411676107479191e-303
989 5.726914738397244e-303
990 2.715754027033674e-303
991 1.0803281484174996e-303
992 8.982013596047451e-304
993 4.263077349213645e-304
994 3.524830658887795e-304
995 2.9011292521594546e-304
996 1.831920069494903e-305
997 9.431853240611082e-306
998 5.4293133581830904e-306
999 4.27072148743891e-306
1000 2.9697504846714296e-306
1001 2.449409432146687e-306
1002 2.3433573019038944e-306
1003 1.1583334382847859e-306
1004 6.317782230737682e-307
1005 7.034512379517473e-308
1006 6.00901099098358e-308
1007 2.307122306821037e-308
1008 1.873965510655985e-308
1009 7.982981756665717e-309
1010 6.228010956294657e-309
1011 1.5307740179735e-309
1012 1.06161154657334e-309
1013 3.05717043082806e-310
1014 2.38610081954525e-310
1015 2.05471404895515e-310
1016 7.886240245099e-311
1017 5.315049885484e-311
1018 1.398644143869e-311
1019 3.013246198e-312
1020 2.42461542241e-312
1021 8.39033583446e-313
1022 4.0640415583e-313
1023 2.66370379677e-313
1024 1.8846690582e-313
1025 1.3599623396e-313
1026 3.4607357045e-314
1027 2.088750853e-314
1028 1.537150896e-314
1029 1.307778981e-314
1030 5.592974685e-315
1031 7.64031173e-316
1032 5.5582422e-316
1033 1.4338474e-316
1034 7.3493213e-317
1035 6.224937e-317
1036 4.3915623e-317
1037 2.583264e-317
1038 1.6303336e-317
1039 1.146931e-317
1040 3.17335e-318
1041 1.279734e-318
1042 7.7573e-319
1043 2.97037e-319
1044 1.5184e-319
1045 7.9787e-320
1046 5.132e-320
1047 1.6245e-320
1048 5.123e-321
1049 1.98e-321
1050 9.1e-322
1051 3.9e-322
1052 2.1e-322
1053 9e-323
1054 5e-323
1055 3.5e-323
1056 2.5e-323
1057 2e-323
1058 5e-324
1059 5e-324
1060 0.0
1061 0.0
1062 0.0
1063 0.0
1064 0.0
1065 0.0
1066 0.0
1067 0.0
1068 0.0
1069 0.0
1070 0.0
1071 0.0
1072 0.0
1073 0.0
1074 0.0
1075 0.0
1076 0.0
1077 0.0
1078 0.0
1079 0.0
1080 0.0
1081 0.0
1082 0.0
1083 0.0
1084 0.0
1085 0.0
1086 0.0
1087 0.0
1088 0.0
1089 0.0
1090 0.0
1091 0.0
1092 0.0
1093 0.0
1094 0.0
1095 0.0
1096 0.0
1097 0.0
1098 0.0
1099 0.0
1100 0.0
1101 0.0
1102 0.0
1103 0.0
1104 0.0
1105 0.0
1106 0.0
1107 0.0
1108 0.0
1109 0.0
1110 0.0
1111 0.0
1112 0.0
1113 0.0
1114 0.0
1115 0.0
1116 0.0
1117 0.0
1118 0.0
1119 0.0
1120 0.0
1121 0.0
1122 0.0
1123 0.0
1124 0.0
1125 0.0
1126 0.0
1127 0.0
1128 0.0
1129 0.0
1130 0.0
1131 0.0
1132 0.0
1133 0.0
1134 0.0
1135 0.0
1136 0.0
1137 0.0
1138 0.0
1139 0.0
1140 0.0
1141 0.0
1142 0.0
1143 0.0
1144 0.0
1145 0.0
1146 0.0
1147 0.0
1148 0.0
1149 0.0
1150 0.0
1151 0.0
1152 0.0
1153 0.0
1154 0.0
1155 0.0
1156 0.0
1157 0.0
1158 0.0
1159 0.0
1160 0.0
1161 0.0
1162 0.0
1163 0.0
1164 0.0
1165 0.0
1166 0.0
1167 0.0
1168 0.0
1169 0.0
1170 0.0
1171 0.0
1172 0.0
1173 0.0
1174 0.0
1175 0.0
1176 0.0
1177 0.0
1178 0.0
1179 0.0
1180 0.0
1181 0.0
1182 0.0
1183 0.0
1184 0.0
1185 0.0
1186 0.0
1187 0.0
1188 0.0
1189 0.0
1190 0.0
1191 0.0
1192 0.0
1193 0.0
1194 0.0
1195 0.0
1196 0.0
1197 0.0
1198 0.0
1199 0.0
1200 0.0
1201 0.0
1202 0.0
1203 0.0
1204 0.0
1205 0.0
1206 0.0
1207 0.0
1208 0.0
1209 0.0
1210 0.0
1211 0.0
1212 0.0
1213 0.0
1214 0.0
1215 0.0
1216 0.0
1217 0.0
1218 0.0
1219 0.0
1220 0.0
1221 0.0
1222 0.0
1223 0.0
1224 0.0
1225 0.0
1226 0.0
1227 0.0
1228 0.0
1229 0.0
1230 0.0
1231 0.0
1232 0.0
1233 0.0
1234 0.0
1235 0.0
1236 0.0
1237 0.0
1238 0.0
1239 0.0
1240 0.0
1241 0.0
1242 0.0
1243 0.0
1244 0.0
1245 0.0
1246 0.0
1247 0.0
1248 0.0
1249 0.0
1250 0.0
1251 0.0
1252 0.0
1253 0.0
1254 0.0
1255 0.0
1256 0.0
1257 0.0
1258 0.0
1259 0.0
1260 0.0
1261 0.0
1262 0.0
1263 0.0
1264 0.0
1265 0.0
1266 0.0
1267 0.0
1268 0.0
1269 0.0
1270 0.0
1271 0.0
1272 0.0
1273 0.0
1274 0.0
1275 0.0
1276 0.0
1277 0.0
1278 0.0
1279 0.0
1280 0.0
1281 0.0
1282 0.0
1283 0.0
1284 0.0
1285 0.0
1286 0.0
1287 0.0
1288 0.0
1289 0.0
1290 0.0
1291 0.0
1292 0.0
1293 0.0
1294 0.0
1295 0.0
1296 0.0
1297 0.0
1298 0.0
1299 0.0
1300 0.0
1301 0.0
1302 0.0
1303 0.0
1304 0.0
1305 0.0
1306 0.0
1307 0.0
1308 0.0
1309 0.0
1310 0.0
1311 0.0
1312 0.0
1313 0.0
1314 0.0
1315 0.0
1316 0.0
1317 0.0
1318 0.0
1319 0.0
1320 0.0
1321 0.0
1322 0.0
1323 0.0
1324 0.0
1325 0.0
1326 0.0
1327 0.0
1328 0.0
1329 0.0
1330 0.0
1331 0.0
1332 0.0
1333 0.0
1334 0.0
1335 0.0
1336 0.0
1337 0.0
1338 0.0
1339 0.0
1340 0.0
1341 0.0
1342 0.0
1343 0.0
1344 0.0
1345 0.0
1346 0.0
1347 0.0
1348 0.0
1349 0.0
1350 0.0
1351 0.0
1352 0.0
1353 0.0
1354 0.0
1355 0.0
1356 0.0
1357 0.0
1358 0.0
1359 0.0
1360 0.0
1361 0.0
1362 0.0
1363 0.0
1364 0.0
1365 0.0
1366 0.0
1367 0.0
1368 0.0
1369 0.0
1370 0.0
1371 0.0
1372 0.0
1373 0.0
1374 0.0
1375 0.0
1376 0.0
1377 0.0
1378 0.0
1379 0.0
1380 0.0
1381 0.0
1382 0.0
1383 0.0
1384 0.0
1385 0.0
1386 0.0
1387 0.0
1388 0.0
1389 0.0
1390 0.0
1391 0.0
1392 0.0
1393 0.0
1394 0.0
1395 0.0
1396 0.0
1397 0.0
1398 0.0
1399 0.0
1400 0.0
1401 0.0
1402 0.0
1403 0.0
1404 0.0
1405 0.0
1406 0.0
1407 0.0
1408 0.0
1409 0.0
1410 0.0
1411 0.0
1412 0.0
1413 0.0
1414 0.0
1415 0.0
1416 0.0
1417 0.0
1418 0.0
1419 0.0
1420 0.0
1421 0.0
1422 0.0
1423 0.0
1424 0.0
1425 0.0
1426 0.0
1427 0.0
1428 0.0
1429 0.0
1430 0.0
1431 0.0
1432 0.0
1433 0.0
1434 0.0
1435 0.0
1436 0.0
1437 0.0
1438 0.0
1439 0.0
1440 0.0
1441 0.0
1442 0.0
1443 0.0
1444 0.0
1445 0.0
1446 0.0
1447 0.0
1448 0.0
1449 0.0
1450 0.0
1451 0.0
1452 0.0
1453 0.0
1454 0.0
1455 0.0
1456 0.0
1457 0.0
1458 0.0
1459 0.0
1460 0.0
1461 0.0
1462 0.0
1463 0.0
1464 0.0
1465 0.0
1466 0.0
1467 0.0
1468 0.0
1469 0.0
1470 0.0
1471 0.0
1472 0.0
1473 0.0
1474 0.0
1475 0.0
1476 0.0
1477 0.0
1478 0.0
1479 0.0
1480 0.0
1481 0.0
1482 0.0
1483 0.0
1484 0.0
1485 0.0
1486 0.0
1487 0.0
1488 0.0
1489 0.0
1490 0.0
1491 0.0
1492 0.0
1493 0.0
1494 0.0
1495 0.0
1496 0.0
1497 0.0
1498 0.0
1499 0.0
1500 0.0
1501 0.0
1502 0.0
1503 0.0
1504 0.0
1505 0.0
1506 0.0
1507 0.0
1508 0.0
1509 0.0
1510 0.0
1511 0.0
1512 0.0
1513 0.0
1514 0.0
1515 0.0
1516 0.0
1517 0.0
1518 0.0
1519 0.0
1520 0.0
1521 0.0
1522 0.0
1523 0.0
1524 0.0
1525 0.0
1526 0.0
1527 0.0
1528 0.0
1529 0.0
1530 0.0
1531 0.0
1532 0.0
1533 0.0
1534 0.0
1535 0.0
1536 0.0
1537 0.0
1538 0.0
1539 0.0
1540 0.0
1541 0.0
1542 0.0
1543 0.0
1544 0.0
1545 0.0
1546 0.0
1547 0.0
1548 0.0
1549 0.0
1550 0.0
1551 0.0
1552 0.0
1553 0.0
1554 0.0
1555 0.0
1556 0.0
1557 0.0
1558 0.0
1559 0.0
1560 0.0
1561 0.0
1562 0.0
1563 0.0
1564 0.0
1565 0.0
1566 0.0
1567 0.0
1568 0.0
1569 0.0
1570 0.0
1571 0.0
1572 0.0
1573 0.0
1574 0.0
1575 0.0
1576 0.0
1577 0.0
1578 0.0
1579 0.0
1580 0.0
1581 0.0
1582 0.0
1583 0.0
1584 0.0
1585 0.0
1586 0.0
1587 0.0
1588 0.0
1589 0.0
1590 0.0
1591 0.0
1592 0.0
1593 0.0
1594 0.0
1595 0.0
1596 0.0
1597 0.0
1598 0.0
1599 0.0
1600 0.0
1601 0.0
1602 0.0
1603 0.0
1604 0.0
1605 0.0
1606 0.0
1607 0.0
1608 0.0
1609 0.0
1610 0.0
1611 0.0
1612 0.0
1613 0.0
1614 0.0
1615 0.0
1616 0.0
1617 0.0
1618 0.0
1619 0.0
1620 0.0
1621 0.0
1622 0.0
1623 0.0
1624 0.0
1625 0.0
1626 0.0
1627 0.0
1628 0.0
1629 0.0
1630 0.0
1631 0.0
1632 0.0
1633 0.0
1634 0.0
1635 0.0
1636 0.0
1637 0.0
1638 0.0
1639 0.0
1640 0.0
1641 0.0
1642 0.0
1643 0.0
1644 0.0
1645 0.0
1646 0.0
1647 0.0
1648 0.0
1649 0.0
1650 0.0
1651 0.0
1652 0.0
1653 0.0
1654 0.0
1655 0.0
1656 0.0
1657 0.0
1658 0.0
1659 0.0
1660 0.0
1661 0.0
1662 0.0
1663 0.0
1664 0.0
1665 0.0
1666 0.0
1667 0.0
1668 0.0
1669 0.0
1670 0.0
1671 0.0
1672 0.0
1673 0.0
1674 0.0
1675 0.0
1676 0.0
1677 0.0
1678 0.0
1679 0.0
1680 0.0
1681 0.0
1682 0.0
1683 0.0
1684 0.0
1685 0.0
1686 0.0
1687 0.0
1688 0.0
1689 0.0
1690 0.0
1691 0.0
1692 0.0
1693 0.0
1694 0.0
1695 0.0
1696 0.0
1697 0.0
1698 0.0
1699 0.0
1700 0.0
1701 0.0
1702 0.0
1703 0.0
1704 0.0
1705 0.0
1706 0.0
1707 0.0
1708 0.0
1709 0.0
1710 0.0
1711 0.0
1712 0.0
1713 0.0
1714 0.0
1715 0.0
1716 0.0
1717 0.0
1718 0.0
1719 0.0
1720 0.0
1721 0.0
1722 0.0
1723 0.0
1724 0.0
1725 0.0
1726 0.0
1727 0.0
1728 0.0
1729 0.0
1730 0.0
1731 0.0
1732 0.0
1733 0.0
1734 0.0
1735 0.0
1736 0.0
1737 0.0
1738 0.0
1739 0.0
1740 0.0
1741 0.0
1742 0.0
1743 0.0
1744 0.0
1745 0.0
1746 0.0
1747 0.0
1748 0.0
1749 0.0
1750 0.0
1751 0.0
1752 0.0
1753 0.0
1754 0.0
1755 0.0
1756 0.0
1757 0.0
1758 0.0
1759 0.0
1760 0.0
1761 0.0
1762 0.0
1763 0.0
1764 0.0
1765 0.0
1766 0.0
1767 0.0
1768 0.0
1769 0.0
1770 0.0
1771 0.0
1772 0.0
1773 0.0
1774 0.0
1775 0.0
1776 0.0
1777 0.0
1778 0.0
1779 0.0
1780 0.0
1781 0.0
1782 0.0
1783 0.0
1784 0.0
1785 0.0
1786 0.0
1787 0.0
1788 0.0
1789 0.0
1790 0.0
1791 0.0
1792 0.0
1793 0.0
1794 0.0
1795 0.0
1796 0.0
1797 0.0
1798 0.0
1799 0.0
1800 0.0
1801 0.0
1802 0.0
1803 0.0
1804 0.0
1805 0.0
1806 0.0
1807 0.0
1808 0.0
1809 0.0
1810 0.0
1811 0.0
1812 0.0
1813 0.0
1814 0.0
1815 0.0
1816 0.0
1817 0.0
1818 0.0
1819 0.0
1820 0.0
1821 0.0
1822 0.0
1823 0.0
1824 0.0
1825 0.0
1826 0.0
1827 0.0
1828 0.0
1829 0.0
1830 0.0
1831 0.0
1832 0.0
1833 0.0
1834 0.0
1835 0.0
1836 0.0
1837 0.0
1838 0.0
1839 0.0
1840 0.0
1841 0.0
1842 0.0
1843 0.0
1844 0.0
1845 0.0
1846 0.0
1847 0.0
1848 0.0
1849 0.0
1850 0.0
1851 0.0
1852 0.0
1853 0.0
1854 0.0
1855 0.0
1856 0.0
1857 0.0
1858 0.0
1859 0.0
1860 0.0
1861 0.0
1862 0.0
1863 0.0
1864 0.0
1865 0.0
1866 0.0
1867 0.0
1868 0.0
1869 0.0
1870 0.0
1871 0.0
1872 0.0
1873 0.0
1874 0.0
1875 0.0
1876 0.0
1877 0.0
1878 0.0
1879 0.0
1880 0.0
1881 0.0
1882 0.0
1883 0.0
1884 0.0
1885 0.0
1886 0.0
1887 0.0
1888 0.0
1889 0.0
1890 0.0
1891 0.0
1892 0.0
1893 0.0
1894 0.0
1895 0.0
1896 0.0
1897 0.0
1898 0.0
1899 0.0
1900 0.0
1901 0.0
1902 0.0
1903 0.0
1904 0.0
1905 0.0
1906 0.0
1907 0.0
1908 0.0
1909 0.0
1910 0.0
1911 0.0
1912 0.0
1913 0.0
1914 0.0
1915 0.0
1916 0.0
1917 0.0
1918 0.0
1919 0.0
1920 0.0
1921 0.0
1922 0.0
1923 0.0
1924 0.0
1925 0.0
1926 0.0
1927 0.0
1928 0.0
1929 0.0
1930 0.0
1931 0.0
1932 0.0
1933 0.0
1934 0.0
1935 0.0
1936 0.0
1937 0.0
1938 0.0
1939 0.0
1940 0.0
1941 0.0
1942 0.0
1943 0.0
1944 0.0
1945 0.0
1946 0.0
1947 0.0
1948 0.0
1949 0.0
1950 0.0
1951 0.0
1952 0.0
1953 0.0
1954 0.0
1955 0.0
1956 0.0
1957 0.0
1958 0.0
1959 0.0
1960 0.0
1961 0.0
1962 0.0
1963 0.0
1964 0.0
1965 0.0
1966 0.0
1967 0.0
1968 0.0
1969 0.0
1970 0.0
1971 0.0
1972 0.0
1973 0.0
1974 0.0
1975 0.0
1976 0.0
1977 0.0
1978 0.0
1979 0.0
1980 0.0
1981 0.0
1982 0.0
1983 0.0
1984 0.0
1985 0.0
1986 0.0
1987 0.0
1988 0.0
1989 0.0
1990 0.0
1991 0.0
1992 0.0
1993 0.0
1994 0.0
1995 0.0
1996 0.0
1997 0.0
1998 0.0
1999 0.0
2000 0.0
2001 0.0
2002 0.0
2003 0.0
2004 0.0
2005 0.0
2006 0.0
2007 0.0
2008 0.0
2009 0.0
2010 0.0
2011 0.0
2012 0.0
2013 0.0
2014 0.0
2015 0.0
2016 0.0
2017 0.0
2018 0.0
2019 0.0
2020 0.0
2021 0.0
2022 0.0
2023 0.0
2024 0.0
2025 0.0
2026 0.0
2027 0.0
2028 0.0
2029 0.0
2030 0.0
2031 0.0
2032 0.0
2033 0.0
2034 0.0
2035 0.0
2036 0.0
2037 0.0
2038 0.0
2039 0.0
2040 0.0
2041 0.0
2042 0.0
2043 0.0
2044 0.0
2045 0.0
2046 0.0
2047 0.0
2048 0.0
2049 0.0
2050 0.0
2051 0.0
2052 0.0
2053 0.0
2054 0.0
2055 0.0
2056 0.0
2057 0.0
2058 0.0
2059 0.0
2060 0.0
2061 0.0
2062 0.0
2063 0.0
2064 0.0
2065 0.0
2066 0.0
2067 0.0
2068 0.0
2069 0.0
2070 0.0
2071 0.0
2072 0.0
2073 0.0
2074 0.0
2075 0.0
2076 0.0
2077 0.0
2078 0.0
2079 0.0
2080 0.0
2081 0.0
2082 0.0
2083 0.0
2084 0.0
2085 0.0
2086 0.0
2087 0.0
2088 0.0
2089 0.0
2090 0.0
2091 0.0
2092 0.0
2093 0.0
2094 0.0
2095 0.0
2096 0.0
2097 0.0
2098 0.0
2099 0.0
2100 0.0
2101 0.0
2102 0.0
2103 0.0
2104 0.0
2105 0.0
2106 0.0
2107 0.0
2108 0.0
2109 0.0
2110 0.0
2111 0.0
2112 0.0
2113 0.0
2114 0.0
2115 0.0
2116 0.0
2117 0.0
2118 0.0
2119 0.0
2120 0.0
2121 0.0
2122 0.0
2123 0.0
2124 0.0
2125 0.0
2126 0.0
2127 0.0
2128 0.0
2129 0.0
2130 0.0
2131 0.0
2132 0.0
2133 0.0
2134 0.0
2135 0.0
2136 0.0
2137 0.0
2138 0.0
2139 0.0
2140 0.0
2141 0.0
2142 0.0
2143 0.0
2144 0.0
2145 0.0
2146 0.0
2147 0.0
2148 0.0
2149 0.0
2150 0.0
2151 0.0
2152 0.0
2153 0.0
2154 0.0
2155 0.0
2156 0.0
2157 0.0
2158 0.0
2159 0.0
2160 0.0
2161 0.0
2162 0.0
2163 0.0
2164 0.0
2165 0.0
2166 0.0
2167 0.0
2168 0.0
2169 0.0
2170 0.0
2171 0.0
2172 0.0
2173 0.0
2174 0.0
2175 0.0
2176 0.0
2177 0.0
2178 0.0
2179 0.0
2180 0.0
2181 0.0
2182 0.0
2183 0.0
2184 0.0
2185 0.0
2186 0.0
2187 0.0
2188 0.0
2189 0.0
2190 0.0
2191 0.0
2192 0.0
2193 0.0
2194 0.0
2195 0.0
2196 0.0
2197 0.0
2198 0.0
2199 0.0
2200 0.0
2201 0.0
2202 0.0
2203 0.0
2204 0.0
2205 0.0
2206 0.0
2207 0.0
2208 0.0
2209 0.0
2210 0.0
2211 0.0
2212 0.0
2213 0.0
2214 0.0
2215 0.0
2216 0.0
2217 0.0
2218 0.0
2219 0.0
2220 0.0
2221 0.0
2222 0.0
2223 0.0
2224 0.0
2225 0.0
2226 0.0
2227 0.0
2228 0.0
2229 0.0
2230 0.0
2231 0.0
2232 0.0
2233 0.0
2234 0.0
2235 0.0
2236 0.0
2237 0.0
2238 0.0
2239 0.0
2240 0.0
2241 0.0
2242 0.0
2243 0.0
2244 0.0
2245 0.0
2246 0.0
2247 0.0
2248 0.0
2249 0.0
2250 0.0
2251 0.0
2252 0.0
2253 0.0
2254 0.0
2255 0.0
2256 0.0
2257 0.0
2258 0.0
2259 0.0
2260 0.0
2261 0.0
2262 0.0
2263 0.0
2264 0.0
2265 0.0
2266 0.0
2267 0.0
2268 0.0
2269 0.0
2270 0.0
2271 0.0
2272 0.0
2273 0.0
2274 0.0
2275 0.0
2276 0.0
2277 0.0
2278 0.0
2279 0.0
2280 0.0
2281 0.0
2282 0.0
2283 0.0
2284 0.0
2285 0.0
2286 0.0
2287 0.0
2288 0.0
2289 0.0
2290 0.0
2291 0.0
2292 0.0
2293 0.0
2294 0.0
2295 0.0
2296 0.0
2297 0.0
2298 0.0
2299 0.0
2300 0.0
2301 0.0
2302 0.0
2303 0.0
2304 0.0
2305 0.0
2306 0.0
2307 0.0
2308 0.0
2309 0.0
2310 0.0
2311 0.0
2312 0.0
2313 0.0
2314 0.0
2315 0.0
2316 0.0
2317 0.0
2318 0.0
2319 0.0
2320 0.0
2321 0.0
2322 0.0
2323 0.0
2324 0.0
2325 0.0
2326 0.0
2327 0.0
2328 0.0
2329 0.0
2330 0.0
2331 0.0
2332 0.0
2333 0.0
2334 0.0
2335 0.0
2336 0.0
2337 0.0
2338 0.0
2339 0.0
2340 0.0
2341 0.0
2342 0.0
2343 0.0
2344 0.0
2345 0.0
2346 0.0
2347 0.0
2348 0.0
2349 0.0
2350 0.0
2351 0.0
2352 0.0
2353 0.0
2354 0.0
2355 0.0
2356 0.0
2357 0.0
2358 0.0
2359 0.0
2360 0.0
2361 0.0
2362 0.0
2363 0.0
2364 0.0
2365 0.0
2366 0.0
2367 0.0
2368 0.0
2369 0.0
2370 0.0
2371 0.0
2372 0.0
2373 0.0
2374 0.0
2375 0.0
2376 0.0
2377 0.0
2378 0.0
2379 0.0
2380 0.0
2381 0.0
2382 0.0
2383 0.0
2384 0.0
2385 0.0
2386 0.0
2387 0.0
2388 0.0
2389 0.0
2390 0.0
2391 0.0
2392 0.0
2393 0.0
2394 0.0
2395 0.0
2396 0.0
2397 0.0
2398 0.0
2399 0.0
2400 0.0
2401 0.0
2402 0.0
2403 0.0
2404 0.0
2405 0.0
2406 0.0
2407 0.0
2408 0.0
2409 0.0
2410 0.0
2411 0.0
2412 0.0
2413 0.0
2414 0.0
2415 0.0
2416 0.0
2417 0.0
2418 0.0
2419 0.0
2420 0.0
2421 0.0
2422 0.0
2423 0.0
2424 0.0
2425 0.0
2426 0.0
2427 0.0
2428 0.0
2429 0.0
2430 0.0
2431 0.0
2432 0.0
2433 0.0
2434 0.0
2435 0.0
2436 0.0
2437 0.0
2438 0.0
2439 0.0
2440 0.0
2441 0.0
2442 0.0
2443 0.0
2444 0.0
2445 0.0
2446 0.0
2447 0.0
2448 0.0
2449 0.0
2450 0.0
2451 0.0
2452 0.0
2453 0.0
2454 0.0
2455 0.0
2456 0.0
2457 0.0
2458 0.0
2459 0.0
2460 0.0
2461 0.0
2462 0.0
2463 0.0
2464 0.0
2465 0.0
2466 0.0
2467 0.0
2468 0.0
2469 0.0
2470 0.0
2471 0.0
2472 0.0
2473 0.0
2474 0.0
2475 0.0
2476 0.0
2477 0.0
2478 0.0
2479 0.0
2480 0.0
2481 0.0
2482 0.0
2483 0.0
2484 0.0
2485 0.0
2486 0.0
2487 0.0
2488 0.0
2489 0.0
2490 0.0
2491 0.0
2492 0.0
2493 0.0
2494 0.0
2495 0.0
2496 0.0
2497 0.0
2498 0.0
2499 0.0
2500 0.0
2501 0.0
2502 0.0
2503 0.0
2504 0.0
2505 0.0
2506 0.0
2507 0.0
2508 0.0
2509 0.0
2510 0.0
2511 0.0
2512 0.0
2513 0.0
2514 0.0
2515 0.0
2516 0.0
2517 0.0
2518 0.0
2519 0.0
2520 0.0
2521 0.0
2522 0.0
2523 0.0
2524 0.0
2525 0.0
2526 0.0
2527 0.0
2528 0.0
2529 0.0
2530 0.0
2531 0.0
2532 0.0
2533 0.0
2534 0.0
2535 0.0
2536 0.0
2537 0.0
2538 0.0
2539 0.0
2540 0.0
2541 0.0
2542 0.0
2543 0.0
2544 0.0
2545 0.0
2546 0.0
2547 0.0
2548 0.0
2549 0.0
2550 0.0
2551 0.0
2552 0.0
2553 0.0
2554 0.0
2555 0.0
2556 0.0
2557 0.0
2558 0.0
2559 0.0
2560 0.0
2561 0.0
2562 0.0
2563 0.0
2564 0.0
2565 0.0
2566 0.0
2567 0.0
2568 0.0
2569 0.0
2570 0.0
2571 0.0
2572 0.0
2573 0.0
2574 0.0
2575 0.0
2576 0.0
2577 0.0
2578 0.0
2579 0.0
2580 0.0
2581 0.0
2582 0.0
2583 0.0
2584 0.0
2585 0.0
2586 0.0
2587 0.0
2588 0.0
2589 0.0
2590 0.0
2591 0.0
2592 0.0
2593 0.0
2594 0.0
2595 0.0
2596 0.0
2597 0.0
2598 0.0
2599 0.0
2600 0.0
2601 0.0
2602 0.0
2603 0.0
2604 0.0
2605 0.0
2606 0.0
2607 0.0
2608 0.0
2609 0.0
2610 0.0
2611 0.0
2612 0.0
2613 0.0
2614 0.0
2615 0.0
2616 0.0
2617 0.0
2618 0.0
2619 0.0
2620 0.0
2621 0.0
2622 0.0
2623 0.0
2624 0.0
2625 0.0
2626 0.0
2627 0.0
2628 0.0
2629 0.0
2630 0.0
2631 0.0
2632 0.0
2633 0.0
2634 0.0
2635 0.0
2636 0.0
2637 0.0
2638 0.0
2639 0.0
2640 0.0
2641 0.0
2642 0.0
2643 0.0
2644 0.0
2645 0.0
2646 0.0
2647 0.0
2648 0.0
2649 0.0
2650 0.0
2651 0.0
2652 0.0
2653 0.0
2654 0.0
2655 0.0
2656 0.0
2657 0.0
2658 0.0
2659 0.0
2660 0.0
2661 0.0
2662 0.0
2663 0.0
2664 0.0
2665 0.0
2666 0.0
2667 0.0
2668 0.0
2669 0.0
2670 0.0
2671 0.0
2672 0.0
2673 0.0
2674 0.0
2675 0.0
2676 0.0
2677 0.0
2678 0.0
2679 0.0
2680 0.0
2681 0.0
2682 0.0
2683 0.0
2684 0.0
2685 0.0
2686 0.0
2687 0.0
2688 0.0
2689 0.0
2690 0.0
2691 0.0
2692 0.0
2693 0.0
2694 0.0
2695 0.0
2696 0.0
2697 0.0
2698 0.0
2699 0.0
2700 0.0
2701 0.0
2702 0.0
2703 0.0
2704 0.0
2705 0.0
2706 0.0
2707 0.0
2708 0.0
2709 0.0
2710 0.0
2711 0.0
2712 0.0
2713 0.0
2714 0.0
2715 0.0
2716 0.0
2717 0.0
2718 0.0
2719 0.0
2720 0.0
2721 0.0
2722 0.0
2723 0.0
2724 0.0
2725 0.0
2726 0.0
2727 0.0
2728 0.0
2729 0.0
2730 0.0
2731 0.0
2732 0.0
2733 0.0
2734 0.0
2735 0.0
2736 0.0
2737 0.0
2738 0.0
2739 0.0
2740 0.0
2741 0.0
2742 0.0
2743 0.0
2744 0.0
2745 0.0
2746 0.0
2747 0.0
2748 0.0
2749 0.0
2750 0.0
2751 0.0
2752 0.0
2753 0.0
2754 0.0
2755 0.0
2756 0.0
2757 0.0
2758 0.0
2759 0.0
2760 0.0
2761 0.0
2762 0.0
2763 0.0
2764 0.0
2765 0.0
2766 0.0
2767 0.0
2768 0.0
2769 0.0
2770 0.0
2771 0.0
2772 0.0
2773 0.0
2774 0.0
2775 0.0
2776 0.0
2777 0.0
2778 0.0
2779 0.0
2780 0.0
2781 0.0
2782 0.0
2783 0.0
2784 0.0
2785 0.0
2786 0.0
2787 0.0
2788 0.0
2789 0.0
2790 0.0
2791 0.0
2792 0.0
2793 0.0
2794 0.0
2795 0.0
2796 0.0
2797 0.0
2798 0.0
2799 0.0
2800 0.0
2801 0.0
2802 0.0
2803 0.0
2804 0.0
2805 0.0
2806 0.0
2807 0.0
2808 0.0
2809 0.0
2810 0.0
2811 0.0
2812 0.0
2813 0.0
2814 0.0
2815 0.0
2816 0.0
2817 0.0
2818 0.0
2819 0.0
2820 0.0
2821 0.0
2822 0.0
2823 0.0
2824 0.0
2825 0.0
2826 0.0
2827 0.0
2828 0.0
2829 0.0
2830 0.0
2831 0.0
2832 0.0
2833 0.0
2834 0.0
2835 0.0
2836 0.0
2837 0.0
2838 0.0
2839 0.0
2840 0.0
2841 0.0
2842 0.0
2843 0.0
2844 0.0
2845 0.0
2846 0.0
2847 0.0
2848 0.0
2849 0.0
2850 0.0
2851 0.0
2852 0.0
2853 0.0
2854 0.0
2855 0.0
2856 0.0
2857 0.0
2858 0.0
2859 0.0
2860 0.0
2861 0.0
2862 0.0
2863 0.0
2864 0.0
2865 0.0
2866 0.0
2867 0.0
2868 0.0
2869 0.0
2870 0.0
2871 0.0
2872 0.0
2873 0.0
2874 0.0
2875 0.0
2876 0.0
2877 0.0
2878 0.0
2879 0.0
2880 0.0
2881 0.0
2882 0.0
2883 0.0
2884 0.0
2885 0.0
2886 0.0
2887 0.0
2888 0.0
2889 0.0
2890 0.0
2891 0.0
2892 0.0
2893 0.0
2894 0.0
2895 0.0
2896 0.0
2897 0.0
2898 0.0
2899 0.0
2900 0.0
2901 0.0
2902 0.0
2903 0.0
2904 0.0
2905 0.0
2906 0.0
2907 0.0
2908 0.0
2909 0.0
2910 0.0
2911 0.0
2912 0.0
2913 0.0
2914 0.0
2915 0.0
2916 0.0
2917 0.0
2918 0.0
2919 0.0
2920 0.0
2921 0.0
2922 0.0
2923 0.0
2924 0.0
2925 0.0
2926 0.0
2927 0.0
2928 0.0
2929 0.0
2930 0.0
2931 0.0
2932 0.0
2933 0.0
2934 0.0
2935 0.0
2936 0.0
2937 0.0
2938 0.0
2939 0.0
2940 0.0
2941 0.0
2942 0.0
2943 0.0
2944 0.0
2945 0.0
2946 0.0
2947 0.0
2948 0.0
2949 0.0
2950 0.0
2951 0.0
2952 0.0
2953 0.0
2954 0.0
2955 0.0
2956 0.0
2957 0.0
2958 0.0
2959 0.0
2960 0.0
2961 0.0
2962 0.0
2963 0.0
2964 0.0
2965 0.0
2966 0.0
2967 0.0
2968 0.0
2969 0.0
2970 0.0
2971 0.0
2972 0.0
2973 0.0
2974 0.0
2975 0.0
2976 0.0
2977 0.0
2978 0.0
2979 0.0
2980 0.0
2981 0.0
2982 0.0
2983 0.0
2984 0.0
2985 0.0
2986 0.0
2987 0.0
2988 0.0
2989 0.0
2990 0.0
2991 0.0
2992 0.0
2993 0.0
2994 0.0
2995 0.0
2996 0.0
2997 0.0
2998 0.0
2999 0.0
3000 0.0
3001 0.0
3002 0.0
3003 0.0
3004 0.0
3005 0.0
3006 0.0
3007 0.0
3008 0.0
3009 0.0
3010 0.0
3011 0.0
3012 0.0
3013 0.0
3014 0.0
3015 0.0
3016 0.0
3017 0.0
3018 0.0
3019 0.0
3020 0.0
3021 0.0
3022 0.0
3023 0.0
3024 0.0
3025 0.0
3026 0.0
3027 0.0
3028 0.0
3029 0.0
3030 0.0
3031 0.0
3032 0.0
3033 0.0
3034 0.0
3035 0.0
3036 0.0
3037 0.0
3038 0.0
3039 0.0
3040 0.0
3041 0.0
3042 0.0
3043 0.0
3044 0.0
3045 0.0
3046 0.0
3047 0.0
3048 0.0
3049 0.0
3050 0.0
3051 0.0
3052 0.0
3053 0.0
3054 0.0
3055 0.0
3056 0.0
3057 0.0
3058 0.0
3059 0.0
3060 0.0
3061 0.0
3062 0.0
3063 0.0
3064 0.0
3065 0.0
3066 0.0
3067 0.0
3068 0.0
3069 0.0
3070 0.0
3071 0.0
3072 0.0
3073 0.0
3074 0.0
3075 0.0
3076 0.0
3077 0.0
3078 0.0
3079 0.0
3080 0.0
3081 0.0
3082 0.0
3083 0.0
3084 0.0
3085 0.0
3086 0.0
3087 0.0
3088 0.0
3089 0.0
3090 0.0
3091 0.0
3092 0.0
3093 0.0
3094 0.0
3095 0.0
3096 0.0
3097 0.0
3098 0.0
3099 0.0
3100 0.0
3101 0.0
3102 0.0
3103 0.0
3104 0.0
3105 0.0
3106 0.0
3107 0.0
3108 0.0
3109 0.0
3110 0.0
3111 0.0
3112 0.0
3113 0.0
3114 0.0
3115 0.0
3116 0.0
3117 0.0
3118 0.0
3119 0.0
3120 0.0
3121 0.0
3122 0.0
3123 0.0
3124 0.0
3125 0.0
3126 0.0
3127 0.0
3128 0.0
3129 0.0
3130 0.0
3131 0.0
3132 0.0
3133 0.0
3134 0.0
3135 0.0
3136 0.0
3137 0.0
3138 0.0
3139 0.0
3140 0.0
3141 0.0
3142 0.0
3143 0.0
3144 0.0
3145 0.0
3146 0.0
3147 0.0
3148 0.0
3149 0.0
3150 0.0
3151 0.0
3152 0.0
3153 0.0
3154 0.0
3155 0.0
3156 0.0
3157 0.0
3158 0.0
3159 0.0
3160 0.0
3161 0.0
3162 0.0
3163 0.0
3164 0.0
3165 0.0
3166 0.0
3167 0.0
3168 0.0
3169 0.0
3170 0.0
3171 0.0
3172 0.0
3173 0.0
3174 0.0
3175 0.0
3176 0.0
3177 0.0
3178 0.0
3179 0.0
3180 0.0
3181 0.0
3182 0.0
3183 0.0
3184 0.0
3185 0.0
3186 0.0
3187 0.0
3188 0.0
3189 0.0
3190 0.0
3191 0.0
3192 0.0
3193 0.0
3194 0.0
3195 0.0
3196 0.0
3197 0.0
3198 0.0
3199 0.0
3200 0.0
3201 0.0
3202 0.0
3203 0.0
3204 0.0
3205 0.0
3206 0.0
3207 0.0
3208 0.0
3209 0.0
3210 0.0
3211 0.0
3212 0.0
3213 0.0
3214 0.0
3215 0.0
3216 0.0
3217 0.0
3218 0.0
3219 0.0
3220 0.0
3221 0.0
3222 0.0
3223 0.0
3224 0.0
3225 0.0
3226 0.0
3227 0.0
3228 0.0
3229 0.0
3230 0.0
3231 0.0
3232 0.0
3233 0.0
3234 0.0
3235 0.0
3236 0.0
3237 0.0
3238 0.0
3239 0.0
3240 0.0
3241 0.0
3242 0.0
3243 0.0
3244 0.0
3245 0.0
3246 0.0
3247 0.0
3248 0.0
3249 0.0
3250 0.0
3251 0.0
3252 0.0
3253 0.0
3254 0.0
3255 0.0
3256 0.0
3257 0.0
3258 0.0
3259 0.0
3260 0.0
3261 0.0
3262 0.0
3263 0.0
3264 0.0
3265 0.0
3266 0.0
3267 0.0
3268 0.0
3269 0.0
3270 0.0
3271 0.0
3272 0.0
3273 0.0
3274 0.0
3275 0.0
3276 0.0
3277 0.0
3278 0.0
3279 0.0
3280 0.0
3281 0.0
3282 0.0
3283 0.0
3284 0.0
3285 0.0
3286 0.0
3287 0.0
3288 0.0
3289 0.0
3290 0.0
3291 0.0
3292 0.0
3293 0.0
3294 0.0
3295 0.0
3296 0.0
3297 0.0
3298 0.0
3299 0.0
3300 0.0
3301 0.0
3302 0.0
3303 0.0
3304 0.0
3305 0.0
3306 0.0
3307 0.0
3308 0.0
3309 0.0
3310 0.0
3311 0.0
3312 0.0
3313 0.0
3314 0.0
3315 0.0
3316 0.0
3317 0.0
3318 0.0
3319 0.0
3320 0.0
3321 0.0
3322 0.0
3323 0.0
3324 0.0
3325 0.0
3326 0.0
3327 0.0
3328 0.0
3329 0.0
3330 0.0
3331 0.0
3332 0.0
3333 0.0
3334 0.0
3335 0.0
3336 0.0
3337 0.0
3338 0.0
3339 0.0
3340 0.0
3341 0.0
3342 0.0
3343 0.0
3344 0.0
3345 0.0
3346 0.0
3347 0.0
3348 0.0
3349 0.0
3350 0.0
3351 0.0
3352 0.0
3353 0.0
3354 0.0
3355 0.0
3356 0.0
3357 0.0
3358 0.0
3359 0.0
3360 0.0
3361 0.0
3362 0.0
3363 0.0
3364 0.0
3365 0.0
3366 0.0
3367 0.0
3368 0.0
3369 0.0
3370 0.0
3371 0.0
3372 0.0
3373 0.0
3374 0.0
3375 0.0
3376 0.0
3377 0.0
3378 0.0
3379 0.0
3380 0.0
3381 0.0
3382 0.0
3383 0.0
3384 0.0
3385 0.0
3386 0.0
3387 0.0
3388 0.0
3389 0.0
3390 0.0
3391 0.0
3392 0.0
3393 0.0
3394 0.0
3395 0.0
3396 0.0
3397 0.0
3398 0.0
3399 0.0
3400 0.0
3401 0.0
3402 0.0
3403 0.0
3404 0.0
3405 0.0
3406 0.0
3407 0.0
3408 0.0
3409 0.0
3410 0.0
3411 0.0
3412 0.0
3413 0.0
3414 0.0
3415 0.0
3416 0.0
3417 0.0
3418 0.0
3419 0.0
3420 0.0
3421 0.0
3422 0.0
3423 0.0
3424 0.0
3425 0.0
3426 0.0
3427 0.0
3428 0.0
3429 0.0
3430 0.0
3431 0.0
3432 0.0
3433 0.0
3434 0.0
3435 0.0
3436 0.0
3437 0.0
3438 0.0
3439 0.0
3440 0.0
3441 0.0
3442 0.0
3443 0.0
3444 0.0
3445 0.0
3446 0.0
3447 0.0
3448 0.0
3449 0.0
3450 0.0
3451 0.0
3452 0.0
3453 0.0
3454 0.0
3455 0.0
3456 0.0
3457 0.0
3458 0.0
3459 0.0
3460 0.0
3461 0.0
3462 0.0
3463 0.0
3464 0.0
3465 0.0
3466 0.0
3467 0.0
3468 0.0
3469 0.0
3470 0.0
3471 0.0
3472 0.0
3473 0.0
3474 0.0
3475 0.0
3476 0.0
3477 0.0
3478 0.0
3479 0.0
3480 0.0
3481 0.0
3482 0.0
3483 0.0
3484 0.0
3485 0.0
3486 0.0
3487 0.0
3488 0.0
3489 0.0
3490 0.0
3491 0.0
3492 0.0
3493 0.0
3494 0.0
3495 0.0
3496 0.0
3497 0.0
3498 0.0
3499 0.0
3500 0.0
3501 0.0
3502 0.0
3503 0.0
3504 0.0
3505 0.0
3506 0.0
3507 0.0
3508 0.0
3509 0.0
3510 0.0
3511 0.0
3512 0.0
3513 0.0
3514 0.0
3515 0.0
3516 0.0
3517 0.0
3518 0.0
3519 0.0
3520 0.0
3521 0.0
3522 0.0
3523 0.0
3524 0.0
3525 0.0
3526 0.0
3527 0.0
3528 0.0
3529 0.0
3530 0.0
3531 0.0
3532 0.0
3533 0.0
3534 0.0
3535 0.0
3536 0.0
3537 0.0
3538 0.0
3539 0.0
3540 0.0
3541 0.0
3542 0.0
3543 0.0
3544 0.0
3545 0.0
3546 0.0
3547 0.0
3548 0.0
3549 0.0
3550 0.0
3551 0.0
3552 0.0
3553 0.0
3554 0.0
3555 0.0
3556 0.0
3557 0.0
3558 0.0
3559 0.0
3560 0.0
3561 0.0
3562 0.0
3563 0.0
3564 0.0
3565 0.0
3566 0.0
3567 0.0
3568 0.0
3569 0.0
3570 0.0
3571 0.0
3572 0.0
3573 0.0
3574 0.0
3575 0.0
3576 0.0
3577 0.0
3578 0.0
3579 0.0
3580 0.0
3581 0.0
3582 0.0
3583 0.0
3584 0.0
3585 0.0
3586 0.0
3587 0.0
3588 0.0
3589 0.0
3590 0.0
3591 0.0
3592 0.0
3593 0.0
3594 0.0
3595 0.0
3596 0.0
3597 0.0
3598 0.0
3599 0.0
3600 0.0
3601 0.0
3602 0.0
3603 0.0
3604 0.0
3605 0.0
3606 0.0
3607 0.0
3608 0.0
3609 0.0
3610 0.0
3611 0.0
3612 0.0
3613 0.0
3614 0.0
3615 0.0
3616 0.0
3617 0.0
3618 0.0
3619 0.0
3620 0.0
3621 0.0
3622 0.0
3623 0.0
3624 0.0
3625 0.0
3626 0.0
3627 0.0
3628 0.0
3629 0.0
3630 0.0
3631 0.0
3632 0.0
3633 0.0
3634 0.0
3635 0.0
3636 0.0
3637 0.0
3638 0.0
3639 0.0
3640 0.0
3641 0.0
3642 0.0
3643 0.0
3644 0.0
3645 0.0
3646 0.0
3647 0.0
3648 0.0
3649 0.0
3650 0.0
3651 0.0
3652 0.0
3653 0.0
3654 0.0
3655 0.0
3656 0.0
3657 0.0
3658 0.0
3659 0.0
3660 0.0
3661 0.0
3662 0.0
3663 0.0
3664 0.0
3665 0.0
3666 0.0
3667 0.0
3668 0.0
3669 0.0
3670 0.0
3671 0.0
3672 0.0
3673 0.0
3674 0.0
3675 0.0
3676 0.0
3677 0.0
3678 0.0
3679 0.0
3680 0.0
3681 0.0
3682 0.0
3683 0.0
3684 0.0
3685 0.0
3686 0.0
3687 0.0
3688 0.0
3689 0.0
3690 0.0
3691 0.0
3692 0.0
3693 0.0
3694 0.0
3695 0.0
3696 0.0
3697 0.0
3698 0.0
3699 0.0
3700 0.0
3701 0.0
3702 0.0
3703 0.0
3704 0.0
3705 0.0
3706 0.0
3707 0.0
3708 0.0
3709 0.0
3710 0.0
3711 0.0
3712 0.0
3713 0.0
3714 0.0
3715 0.0
3716 0.0
3717 0.0
3718 0.0
3719 0.0
3720 0.0
3721 0.0
3722 0.0
3723 0.0
3724 0.0
3725 0.0
3726 0.0
3727 0.0
3728 0.0
3729 0.0
3730 0.0
3731 0.0
3732 0.0
3733 0.0
3734 0.0
3735 0.0
3736 0.0
3737 0.0
3738 0.0
3739 0.0
3740 0.0
3741 0.0
3742 0.0
3743 0.0
3744 0.0
3745 0.0
3746 0.0
3747 0.0
3748 0.0
3749 0.0
3750 0.0
3751 0.0
3752 0.0
3753 0.0
3754 0.0
3755 0.0
3756 0.0
3757 0.0
3758 0.0
3759 0.0
3760 0.0
3761 0.0
3762 0.0
3763 0.0
3764 0.0
3765 0.0
3766 0.0
3767 0.0
3768 0.0
3769 0.0
3770 0.0
3771 0.0
3772 0.0
3773 0.0
3774 0.0
3775 0.0
3776 0.0
3777 0.0
3778 0.0
3779 0.0
3780 0.0
3781 0.0
3782 0.0
3783 0.0
3784 0.0
3785 0.0
3786 0.0
3787 0.0
3788 0.0
3789 0.0
3790 0.0
3791 0.0
3792 0.0
3793 0.0
3794 0.0
3795 0.0
3796 0.0
3797 0.0
3798 0.0
3799 0.0
3800 0.0
3801 0.0
3802 0.0
3803 0.0
3804 0.0
3805 0.0
3806 0.0
3807 0.0
3808 0.0
3809 0.0
3810 0.0
3811 0.0
3812 0.0
3813 0.0
3814 0.0
3815 0.0
3816 0.0
3817 0.0
3818 0.0
3819 0.0
3820 0.0
3821 0.0
3822 0.0
3823 0.0
3824 0.0
3825 0.0
3826 0.0
3827 0.0
3828 0.0
3829 0.0
3830 0.0
3831 0.0
3832 0.0
3833 0.0
3834 0.0
3835 0.0
3836 0.0
3837 0.0
3838 0.0
3839 0.0
3840 0.0
3841 0.0
3842 0.0
3843 0.0
3844 0.0
3845 0.0
3846 0.0
3847 0.0
3848 0.0
3849 0.0
3850 0.0
3851 0.0
3852 0.0
3853 0.0
3854 0.0
3855 0.0
3856 0.0
3857 0.0
3858 0.0
3859 0.0
3860 0.0
3861 0.0
3862 0.0
3863 0.0
3864 0.0
3865 0.0
3866 0.0
3867 0.0
3868 0.0
3869 0.0
3870 0.0
3871 0.0
3872 0.0
3873 0.0
3874 0.0
3875 0.0
3876 0.0
3877 0.0
3878 0.0
3879 0.0
3880 0.0
3881 0.0
3882 0.0
3883 0.0
3884 0.0
3885 0.0
3886 0.0
3887 0.0
3888 0.0
3889 0.0
3890 0.0
3891 0.0
3892 0.0
3893 0.0
3894 0.0
3895 0.0
3896 0.0
3897 0.0
3898 0.0
3899 0.0
3900 0.0
3901 0.0
3902 0.0
3903 0.0
3904 0.0
3905 0.0
3906 0.0
3907 0.0
3908 0.0
3909 0.0
3910 0.0
3911 0.0
3912 0.0
3913 0.0
3914 0.0
3915 0.0
3916 0.0
3917 0.0
3918 0.0
3919 0.0
3920 0.0
3921 0.0
3922 0.0
3923 0.0
3924 0.0
3925 0.0
3926 0.0
3927 0.0
3928 0.0
3929 0.0
3930 0.0
3931 0.0
3932 0.0
3933 0.0
3934 0.0
3935 0.0
3936 0.0
3937 0.0
3938 0.0
3939 0.0
3940 0.0
3941 0.0
3942 0.0
3943 0.0
3944 0.0
3945 0.0
3946 0.0
3947 0.0
3948 0.0
3949 0.0
3950 0.0
3951 0.0
3952 0.0
3953 0.0
3954 0.0
3955 0.0
3956 0.0
3957 0.0
3958 0.0
3959 0.0
3960 0.0
3961 0.0
3962 0.0
3963 0.0
3964 0.0
3965 0.0
3966 0.0
3967 0.0
3968 0.0
3969 0.0
3970 0.0
3971 0.0
3972 0.0
3973 0.0
3974 0.0
3975 0.0
3976 0.0
3977 0.0
3978 0.0
3979 0.0
3980 0.0
3981 0.0
3982 0.0
3983 0.0
3984 0.0
3985 0.0
3986 0.0
3987 0.0
3988 0.0
3989 0.0
3990 0.0
3991 0.0
3992 0.0
3993 0.0
3994 0.0
3995 0.0
3996 0.0
3997 0.0
3998 0.0
3999 0.0
4000 0.0
4001 0.0
4002 0.0
4003 0.0
4004 0.0
4005 0.0
4006 0.0
4007 0.0
4008 0.0
4009 0.0
4010 0.0
4011 0.0
4012 0.0
4013 0.0
4014 0.0
4015 0.0
4016 0.0
4017 0.0
4018 0.0
4019 0.0
4020 0.0
4021 0.0
4022 0.0
4023 0.0
4024 0.0
4025 0.0
4026 0.0
4027 0.0
4028 0.0
4029 0.0
4030 0.0
4031 0.0
4032 0.0
4033 0.0
4034 0.0
4035 0.0
4036 0.0
4037 0.0
4038 0.0
4039 0.0
4040 0.0
4041 0.0
4042 0.0
4043 0.0
4044 0.0
4045 0.0
4046 0.0
4047 0.0
4048 0.0
4049 0.0
4050 0.0
4051 0.0
4052 0.0
4053 0.0
4054 0.0
4055 0.0
4056 0.0
4057 0.0
4058 0.0
4059 0.0
4060 0.0
4061 0.0
4062 0.0
4063 0.0
4064 0.0
4065 0.0
4066 0.0
4067 0.0
4068 0.0
4069 0.0
4070 0.0
4071 0.0
4072 0.0
4073 0.0
4074 0.0
4075 0.0
4076 0.0
4077 0.0
4078 0.0
4079 0.0
4080 0.0
4081 0.0
4082 0.0
4083 0.0
4084 0.0
4085 0.0
4086 0.0
4087 0.0
4088 0.0
4089 0.0
4090 0.0
4091 0.0
4092 0.0
4093 0.0
4094 0.0
4095 0.0
4096 0.0
4097 0.0
4098 0.0
4099 0.0
4100 0.0
4101 0.0
4102 0.0
4103 0.0
4104 0.0
4105 0.0
4106 0.0
4107 0.0
4108 0.0
4109 0.0
4110 0.0
4111 0.0
4112 0.0
4113 0.0
4114 0.0
4115 0.0
4116 0.0
4117 0.0
4118 0.0
4119 0.0
4120 0.0
4121 0.0
4122 0.0
4123 0.0
4124 0.0
4125 0.0
4126 0.0
4127 0.0
4128 0.0
4129 0.0
4130 0.0
4131 0.0
4132 0.0
4133 0.0
4134 0.0
4135 0.0
4136 0.0
4137 0.0
4138 0.0
4139 0.0
4140 0.0
4141 0.0
4142 0.0
4143 0.0
4144 0.0
4145 0.0
4146 0.0
4147 0.0
4148 0.0
4149 0.0
4150 0.0
4151 0.0
4152 0.0
4153 0.0
4154 0.0
4155 0.0
4156 0.0
4157 0.0
4158 0.0
4159 0.0
4160 0.0
4161 0.0
4162 0.0
4163 0.0
4164 0.0
4165 0.0
4166 0.0
4167 0.0
4168 0.0
4169 0.0
4170 0.0
4171 0.0
4172 0.0
4173 0.0
4174 0.0
4175 0.0
4176 0.0
4177 0.0
4178 0.0
4179 0.0
4180 0.0
4181 0.0
4182 0.0
4183 0.0
4184 0.0
4185 0.0
4186 0.0
4187 0.0
4188 0.0
4189 0.0
4190 0.0
4191 0.0
4192 0.0
4193 0.0
4194 0.0
4195 0.0
4196 0.0
4197 0.0
4198 0.0
4199 0.0
4200 0.0
4201 0.0
4202 0.0
4203 0.0
4204 0.0
4205 0.0
4206 0.0
4207 0.0
4208 0.0
4209 0.0
4210 0.0
4211 0.0
4212 0.0
4213 0.0
4214 0.0
4215 0.0
4216 0.0
4217 0.0
4218 0.0
4219 0.0
4220 0.0
4221 0.0
4222 0.0
4223 0.0
4224 0.0
4225 0.0
4226 0.0
4227 0.0
4228 0.0
4229 0.0
4230 0.0
4231 0.0
4232 0.0
4233 0.0
4234 0.0
4235 0.0
4236 0.0
4237 0.0
4238 0.0
4239 0.0
4240 0.0
4241 0.0
4242 0.0
4243 0.0
4244 0.0
4245 0.0
4246 0.0
4247 0.0
4248 0.0
4249 0.0
4250 0.0
4251 0.0
4252 0.0
4253 0.0
4254 0.0
4255 0.0
4256 0.0
4257 0.0
4258 0.0
4259 0.0
4260 0.0
4261 0.0
4262 0.0
4263 0.0
4264 0.0
4265 0.0
4266 0.0
4267 0.0
4268 0.0
4269 0.0
4270 0.0
4271 0.0
4272 0.0
4273 0.0
4274 0.0
4275 0.0
4276 0.0
4277 0.0
4278 0.0
4279 0.0
4280 0.0
4281 0.0
4282 0.0
4283 0.0
4284 0.0
4285 0.0
4286 0.0
4287 0.0
4288 0.0
4289 0.0
4290 0.0
4291 0.0
4292 0.0
4293 0.0
4294 0.0
4295 0.0
4296 0.0
4297 0.0
4298 0.0
4299 0.0
4300 0.0
4301 0.0
4302 0.0
4303 0.0
4304 0.0
4305 0.0
4306 0.0
4307 0.0
4308 0.0
4309 0.0
4310 0.0
4311 0.0
4312 0.0
4313 0.0
4314 0.0
4315 0.0
4316 0.0
4317 0.0
4318 0.0
4319 0.0
4320 0.0
4321 0.0
4322 0.0
4323 0.0
4324 0.0
4325 0.0
4326 0.0
4327 0.0
4328 0.0
4329 0.0
4330 0.0
4331 0.0
4332 0.0
4333 0.0
4334 0.0
4335 0.0
4336 0.0
4337 0.0
4338 0.0
4339 0.0
4340 0.0
4341 0.0
4342 0.0
4343 0.0
4344 0.0
4345 0.0
4346 0.0
4347 0.0
4348 0.0
4349 0.0
4350 0.0
4351 0.0
4352 0.0
4353 0.0
4354 0.0
4355 0.0
4356 0.0
4357 0.0
4358 0.0
4359 0.0
4360 0.0
4361 0.0
4362 0.0
4363 0.0
4364 0.0
4365 0.0
4366 0.0
4367 0.0
4368 0.0
4369 0.0
4370 0.0
4371 0.0
4372 0.0
4373 0.0
4374 0.0
4375 0.0
4376 0.0
4377 0.0
4378 0.0
4379 0.0
4380 0.0
4381 0.0
4382 0.0
4383 0.0
4384 0.0
4385 0.0
4386 0.0
4387 0.0
4388 0.0
4389 0.0
4390 0.0
4391 0.0
4392 0.0
4393 0.0
4394 0.0
4395 0.0
4396 0.0
4397 0.0
4398 0.0
4399 0.0
4400 0.0
4401 0.0
4402 0.0
4403 0.0
4404 0.0
4405 0.0
4406 0.0
4407 0.0
4408 0.0
4409 0.0
4410 0.0
4411 0.0
4412 0.0
4413 0.0
4414 0.0
4415 0.0
4416 0.0
4417 0.0
4418 0.0
4419 0.0
4420 0.0
4421 0.0
4422 0.0
4423 0.0
4424 0.0
4425 0.0
4426 0.0
4427 0.0
4428 0.0
4429 0.0
4430 0.0
4431 0.0
4432 0.0
4433 0.0
4434 0.0
4435 0.0
4436 0.0
4437 0.0
4438 0.0
4439 0.0
4440 0.0
4441 0.0
4442 0.0
4443 0.0
4444 0.0
4445 0.0
4446 0.0
4447 0.0
4448 0.0
4449 0.0
4450 0.0
4451 0.0
4452 0.0
4453 0.0
4454 0.0
4455 0.0
4456 0.0
4457 0.0
4458 0.0
4459 0.0
4460 0.0
4461 0.0
4462 0.0
4463 0.0
4464 0.0
4465 0.0
4466 0.0
4467 0.0
4468 0.0
4469 0.0
4470 0.0
4471 0.0
4472 0.0
4473 0.0
4474 0.0
4475 0.0
4476 0.0
4477 0.0
4478 0.0
4479 0.0
4480 0.0
4481 0.0
4482 0.0
4483 0.0
4484 0.0
4485 0.0
4486 0.0
4487 0.0
4488 0.0
4489 0.0
4490 0.0
4491 0.0
4492 0.0
4493 0.0
4494 0.0
4495 0.0
4496 0.0
4497 0.0
4498 0.0
4499 0.0
4500 0.0
4501 0.0
4502 0.0
4503 0.0
4504 0.0
4505 0.0
4506 0.0
4507 0.0
4508 0.0
4509 0.0
4510 0.0
4511 0.0
4512 0.0
4513 0.0
4514 0.0
4515 0.0
4516 0.0
4517 0.0
4518 0.0
4519 0.0
4520 0.0
4521 0.0
4522 0.0
4523 0.0
4524 0.0
4525 0.0
4526 0.0
4527 0.0
4528 0.0
4529 0.0
4530 0.0
4531 0.0
4532 0.0
4533 0.0
4534 0.0
4535 0.0
4536 0.0
4537 0.0
4538 0.0
4539 0.0
4540 0.0
4541 0.0
4542 0.0
4543 0.0
4544 0.0
4545 0.0
4546 0.0
4547 0.0
4548 0.0
4549 0.0
4550 0.0
4551 0.0
4552 0.0
4553 0.0
4554 0.0
4555 0.0
4556 0.0
4557 0.0
4558 0.0
4559 0.0
4560 0.0
4561 0.0
4562 0.0
4563 0.0
4564 0.0
4565 0.0
4566 0.0
4567 0.0
4568 0.0
4569 0.0
4570 0.0
4571 0.0
4572 0.0
4573 0.0
4574 0.0
4575 0.0
4576 0.0
4577 0.0
4578 0.0
4579 0.0
4580 0.0
4581 0.0
4582 0.0
4583 0.0
4584 0.0
4585 0.0
4586 0.0
4587 0.0
4588 0.0
4589 0.0
4590 0.0
4591 0.0
4592 0.0
4593 0.0
4594 0.0
4595 0.0
4596 0.0
4597 0.0
4598 0.0
4599 0.0
4600 0.0
4601 0.0
4602 0.0
4603 0.0
4604 0.0
4605 0.0
4606 0.0
4607 0.0
4608 0.0
4609 0.0
4610 0.0
4611 0.0
4612 0.0
4613 0.0
4614 0.0
4615 0.0
4616 0.0
4617 0.0
4618 0.0
4619 0.0
4620 0.0
4621 0.0
4622 0.0
4623 0.0
4624 0.0
4625 0.0
4626 0.0
4627 0.0
4628 0.0
4629 0.0
4630 0.0
4631 0.0
4632 0.0
4633 0.0
4634 0.0
4635 0.0
4636 0.0
4637 0.0
4638 0.0
4639 0.0
4640 0.0
4641 0.0
4642 0.0
4643 0.0
4644 0.0
4645 0.0
4646 0.0
4647 0.0
4648 0.0
4649 0.0
4650 0.0
4651 0.0
4652 0.0
4653 0.0
4654 0.0
4655 0.0
4656 0.0
4657 0.0
4658 0.0
4659 0.0
4660 0.0
4661 0.0
4662 0.0
4663 0.0
4664 0.0
4665 0.0
4666 0.0
4667 0.0
4668 0.0
4669 0.0
4670 0.0
4671 0.0
4672 0.0
4673 0.0
4674 0.0
4675 0.0
4676 0.0
4677 0.0
4678 0.0
4679 0.0
4680 0.0
4681 0.0
4682 0.0
4683 0.0
4684 0.0
4685 0.0
4686 0.0
4687 0.0
4688 0.0
4689 0.0
4690 0.0
4691 0.0
4692 0.0
4693 0.0
4694 0.0
4695 0.0
4696 0.0
4697 0.0
4698 0.0
4699 0.0
4700 0.0
4701 0.0
4702 0.0
4703 0.0
4704 0.0
4705 0.0
4706 0.0
4707 0.0
4708 0.0
4709 0.0
4710 0.0
4711 0.0
4712 0.0
4713 0.0
4714 0.0
4715 0.0
4716 0.0
4717 0.0
4718 0.0
4719 0.0
4720 0.0
4721 0.0
4722 0.0
4723 0.0
4724 0.0
4725 0.0
4726 0.0
4727 0.0
4728 0.0
4729 0.0
4730 0.0
4731 0.0
4732 0.0
4733 0.0
4734 0.0
4735 0.0
4736 0.0
4737 0.0
4738 0.0
4739 0.0
4740 0.0
4741 0.0
4742 0.0
4743 0.0
4744 0.0
4745 0.0
4746 0.0
4747 0.0
4748 0.0
4749 0.0
4750 0.0
4751 0.0
4752 0.0
4753 0.0
4754 0.0
4755 0.0
4756 0.0
4757 0.0
4758 0.0
4759 0.0
4760 0.0
4761 0.0
4762 0.0
4763 0.0
4764 0.0
4765 0.0
4766 0.0
4767 0.0
4768 0.0
4769 0.0
4770 0.0
4771 0.0
4772 0.0
4773 0.0
4774 0.0
4775 0.0
4776 0.0
4777 0.0
4778 0.0
4779 0.0
4780 0.0
4781 0.0
4782 0.0
4783 0.0
4784 0.0
4785 0.0
4786 0.0
4787 0.0
4788 0.0
4789 0.0
4790 0.0
4791 0.0
4792 0.0
4793 0.0
4794 0.0
4795 0.0
4796 0.0
4797 0.0
4798 0.0
4799 0.0
4800 0.0
4801 0.0
4802 0.0
4803 0.0
4804 0.0
4805 0.0
4806 0.0
4807 0.0
4808 0.0
4809 0.0
4810 0.0
4811 0.0
4812 0.0
4813 0.0
4814 0.0
4815 0.0
4816 0.0
4817 0.0
4818 0.0
4819 0.0
4820 0.0
4821 0.0
4822 0.0
4823 0.0
4824 0.0
4825 0.0
4826 0.0
4827 0.0
4828 0.0
4829 0.0
4830 0.0
4831 0.0
4832 0.0
4833 0.0
4834 0.0
4835 0.0
4836 0.0
4837 0.0
4838 0.0
4839 0.0
4840 0.0
4841 0.0
4842 0.0
4843 0.0
4844 0.0
4845 0.0
4846 0.0
4847 0.0
4848 0.0
4849 0.0
4850 0.0
4851 0.0
4852 0.0
4853 0.0
4854 0.0
4855 0.0
4856 0.0
4857 0.0
4858 0.0
4859 0.0
4860 0.0
4861 0.0
4862 0.0
4863 0.0
4864 0.0
4865 0.0
4866 0.0
4867 0.0
4868 0.0
4869 0.0
4870 0.0
4871 0.0
4872 0.0
4873 0.0
4874 0.0
4875 0.0
4876 0.0
4877 0.0
4878 0.0
4879 0.0
4880 0.0
4881 0.0
4882 0.0
4883 0.0
4884 0.0
4885 0.0
4886 0.0
4887 0.0
4888 0.0
4889 0.0
4890 0.0
4891 0.0
4892 0.0
4893 0.0
4894 0.0
4895 0.0
4896 0.0
4897 0.0
4898 0.0
4899 0.0
4900 0.0
4901 0.0
4902 0.0
4903 0.0
4904 0.0
4905 0.0
4906 0.0
4907 0.0
4908 0.0
4909 0.0
4910 0.0
4911 0.0
4912 0.0
4913 0.0
4914 0.0
4915 0.0
4916 0.0
4917 0.0
4918 0.0
4919 0.0
4920 0.0
4921 0.0
4922 0.0
4923 0.0
4924 0.0
4925 0.0
4926 0.0
4927 0.0
4928 0.0
4929 0.0
4930 0.0
4931 0.0
4932 0.0
4933 0.0
4934 0.0
4935 0.0
4936 0.0
4937 0.0
4938 0.0
4939 0.0
4940 0.0
4941 0.0
4942 0.0
4943 0.0
4944 0.0
4945 0.0
4946 0.0
4947 0.0
4948 0.0
4949 0.0
4950 0.0
4951 0.0
4952 0.0
4953 0.0
4954 0.0
4955 0.0
4956 0.0
4957 0.0
4958 0.0
4959 0.0
4960 0.0
4961 0.0
4962 0.0
4963 0.0
4964 0.0
4965 0.0
4966 0.0
4967 0.0
4968 0.0
4969 0.0
4970 0.0
4971 0.0
4972 0.0
4973 0.0
4974 0.0
4975 0.0
4976 0.0
4977 0.0
4978 0.0
4979 0.0
4980 0.0
4981 0.0
4982 0.0
4983 0.0
4984 0.0
4985 0.0
4986 0.0
4987 0.0
4988 0.0
4989 0.0
4990 0.0
4991 0.0
4992 0.0
4993 0.0
4994 0.0
4995 0.0
4996 0.0
4997 0.0
4998 0.0
4999 0.0
