0 0.2498263421271741
1 0.11708420356700681
2 0.06451349686323747
3 0.027087621770191386
4 0.010289512915522814
5 0.003889745891650663
6 0.0015853383061623324
7 0.0009248521942529867
8 0.0004356637081410051
9 0.00020816527787440153
10 0.00011108126145503144
11 5.7828607949637893e-05
12 2.367315209593274e-05
13 8.506837957564905e-06
14 4.768991714975786e-06
15 2.2982917614626453e-06
16 1.3934230855358136e-06
17 4.936419336197845e-07
18 2.2643179849549716e-07
19 1.341160145321363e-07
20 5.772193935659482e-08
21 2.485050620293814e-08
22 9.087512983199648e-09
23 5.0474261466922915e-09
24 2.6575289091224854e-09
25 1.3268198846720878e-09
26 6.50653900120419e-10
27 3.4672704155689593e-10
28 1.2114644834293092e-10
29 6.476556876817017e-11
30 2.788726296993061e-11
31 1.644439657242911e-11
32 7.04934718463292e-12
33 3.75977311407419e-12
34 1.8402945095589664e-12
35 8.773527604302789e-13
36 3.886857383709858e-13
37 2.079783639738151e-13
38 1.2875690620193503e-13
39 4.827981371313151e-14
40 1.847591718978971e-14
41 8.368683248460098e-15
42 4.091689727303234e-15
43 2.7005545324332025e-15
44 1.2641351895110914e-15
45 6.890947298928779e-16
46 3.002251606664765e-16
47 1.323138753124765e-16
48 7.744848610786911e-17
49 4.858088327267025e-17
50 1.6710425501920463e-17
51 9.994935842918286e-18
52 3.779986292490662e-18
53 2.098998155495225e-18
54 1.080689997674254e-18
55 5.922740686476543e-19
56 3.023812427483365e-19
57 1.2112833554692097e-19
58 6.863317808188085e-20
59 2.771724886986228e-20
60 1.2006040310889551e-20
61 6.21584845281186e-21
62 3.491675198760285e-21
63 1.2985704675360738e-21
64 5.554235099265478e-22
65 2.7597066583826097e-22
66 1.23406603843548e-22
67 7.912761010564886e-23
68 3.732541082507518e-23
69 2.2130672864641923e-23
70 9.077589185574212e-24
71 3.856183043469071e-24
72 2.087902287264269e-24
73 1.2395445795193532e-24
74 4.287403402622863e-25
75 2.664725664368518e-25
76 1.471978770634646e-25
77 7.594233089376234e-26
78 2.5274223673197708e-26
79 1.361750677126724e-26
80 4.542587117498237e-27
81 3.075960570166465e-27
82 1.5200472806172432e-27
83 6.558139636243707e-28
84 4.073515971023513e-28
85 2.17779482366324e-28
86 1.0270832673748188e-28
87 8.250520162697208e-29
88 2.1285868486044892e-29
89 7.46263776806585e-30
90 4.8068434036688506e-30
91 1.9756509332365084e-30
92 1.1673756773629273e-30
93 6.445212620068049e-31
94 3.3264711060447557e-31
95 1.6145110920941294e-31
96 9.96818760354862e-32
97 4.81997121188159e-32
98 1.4397563587671217e-32
99 7.69213129867373e-33
100 4.239013589102769e-33
101 2.3501108843979714e-33
102 1.227652629132238e-33
103 6.648370026631148e-34
104 2.9507397893752293e-34
105 2.2990167286431715e-34
106 7.355486603875017e-35
107 3.602964344137837e-35
108 2.6529718094147243e-35
109 1.088762881258871e-35
110 4.3019885463652986e-36
111 2.2921421722057393e-36
112 1.2416707849262026e-36
113 5.123099338007788e-37
114 2.0709599430604032e-37
115 1.2203666641627221e-37
116 5.710007373197485e-38
117 2.0145698843095374e-38
118 1.3708553484043964e-38
119 5.116605150309209e-39
120 2.539541273784457e-39
121 1.656741692340078e-39
122 5.43221994453129e-40
123 2.6640651488340017e-40
124 1.7564010494169976e-40
125 7.092578743825304e-41
126 4.205233791856359e-41
127 2.62842259714198e-41
128 1.8125942405538687e-41
129 6.178227258359393e-42
130 2.0907877878486286e-42
131 1.1955611730610432e-42
132 6.922476188208018e-43
133 2.8651079565551422e-43
134 1.308253467624065e-43
135 6.191294501622189e-44
136 3.307715039273728e-44
137 1.5923247482856484e-44
138 6.735006601686659e-45
139 3.1216653802102647e-45
140 2.1425916544474117e-45
141 8.02307849971719e-46
142 5.419573230679393e-46
143 1.9555103700294718e-46
144 1.2287888928484964e-46
145 6.71999029035695e-47
146 3.347934343365778e-47
147 1.5661295448414784e-47
148 7.938405470756958e-48
149 3.181164864317201e-48
150 8.272711267229437e-49
151 3.947307545136756e-49
152 2.6932731911403193e-49
153 1.2362974602408373e-49
154 7.958298151179816e-50
155 5.9149610164181995e-50
156 1.450704405141545e-50
157 8.779452627604591e-51
158 5.681879460190187e-51
159 3.66735036272331e-51
160 2.1161687270492562e-51
161 8.253891481086357e-52
162 2.907154514698817e-52
163 1.8692284930511665e-52
164 1.0443668739569214e-52
165 3.7496779708511904e-53
166 1.718882316395713e-53
167 8.859904385145294e-54
168 4.977645602197637e-54
169 3.482292257263577e-54
170 1.245239404688964e-54
171 7.945206287864593e-55
172 1.8256747746117777e-55
173 1.3829735867519464e-55
174 8.30686666190086e-56
175 2.7132352229065903e-56
176 1.72048920071828e-56
177 9.564151805364494e-57
178 5.725069491018986e-57
179 3.7402907845486836e-57
180 1.3503310144599224e-57
181 5.4433390702628706e-58
182 3.3269716742161165e-58
183 1.3916040015270307e-58
184 3.2828776379691687e-59
185 1.8332775522886567e-59
186 1.17865830835421e-59
187 7.971705956555249e-60
188 4.458723266352321e-60
189 1.785862262482809e-60
190 9.516681732503259e-61
191 3.901855633874249e-61
192 2.4466023824095882e-61
193 1.5774847300195457e-61
194 6.981387790531588e-62
195 3.094363247488432e-62
196 1.702505538837652e-62
197 6.782194270857883e-63
198 3.94774825245376e-63
199 2.050688280152006e-63
200 8.955766129071021e-64
201 5.078674992528932e-64
202 3.1745888538199844e-64
203 1.9523878326636008e-64
204 1.0953717651208196e-64
205 6.97336009275074e-65
206 2.199759958039636e-65
207 4.1724798029468846e-66
208 2.2847536179870262e-66
209 1.4557867343355572e-66
210 5.1729846863363637e-67
211 3.58661487522153e-67
212 2.038946233366277e-67
213 1.1641227909757799e-67
214 4.225733482305171e-68
215 2.9486844202975502e-68
216 1.0763875237215123e-68
217 7.456467177266816e-69
218 2.2810984143888586e-69
219 1.572081341638333e-69
220 6.087561567512429e-70
221 2.612517057837341e-70
222 1.0163497150620726e-70
223 8.485086819605715e-71
224 5.736109504981915e-71
225 2.6386275025614707e-71
226 7.627782412921634e-72
227 4.35266794562144e-72
228 3.736380511185631e-72
229 1.061208370193709e-72
230 3.4316613078782135e-73
231 2.0508898345119848e-73
232 1.4929759110430105e-73
233 5.579007470792768e-74
234 3.4721056279502807e-74
235 1.944571405198952e-74
236 7.755285930155139e-75
237 4.930011530034764e-75
238 2.1210194004258124e-75
239 1.0945719191508834e-75
240 5.5256932125275067e-76
241 1.9046830124617826e-76
242 6.7337253875283255e-77
243 2.8507655252855198e-77
244 1.741244047169708e-77
245 8.336097419140467e-78
246 5.235618369957763e-78
247 3.29882508698056e-78
248 2.244417244387933e-78
249 1.1109090056178477e-78
250 4.9525914524877623e-79
251 2.712811555556143e-79
252 1.2713228835577154e-79
253 4.7682340637797755e-80
254 2.808336529956184e-80
255 1.2551506647392881e-80
256 6.657251046513608e-81
257 2.7901372572110305e-81
258 1.7256952231323023e-81
259 6.873582289879539e-82
260 2.714701709758879e-82
261 1.4579283633290196e-82
262 8.600612755571255e-83
263 3.3718231058824914e-83
264 2.1308298881418178e-83
265 6.111231465808906e-84
266 2.6528394197663377e-84
267 1.6383410168443558e-84
268 9.312197096019362e-85
269 6.46617254779529e-85
270 3.4980134026042863e-85
271 2.8026193309044525e-85
272 1.4133582427782656e-85
273 6.233602634465888e-86
274 2.7823121869971722e-86
275 1.3592319715159748e-86
276 6.673611099858806e-87
277 3.242966321539887e-87
278 1.6844138845058396e-87
279 5.508157539391897e-88
280 3.1454020978499296e-88
281 1.2440681799033846e-88
282 8.05312711803214e-89
283 2.7673473805010134e-89
284 1.2260081847684357e-89
285 7.1422195411068124e-90
286 4.952499446652581e-90
287 2.578950817904849e-90
288 1.642666601111068e-90
289 8.97868632292507e-91
290 3.582783209199902e-91
291 1.781892856925828e-91
292 6.438708784462808e-92
293 3.4573260988310245e-92
294 1.9040400258099285e-92
295 1.079276025691726e-92
296 4.3820908925619e-93
297 2.406978847782774e-93
298 1.2578510169597628e-93
299 9.007178416927239e-94
300 5.059625107312663e-94
301 1.4402984436173345e-94
302 8.245566679756614e-95
303 4.75227644630977e-95
304 2.0202860419095572e-95
305 1.3891551312919598e-95
306 6.387989623491014e-96
307 4.0335516889447875e-96
308 1.5542341604084245e-96
309 6.22855091851729e-97
310 2.2280202831181136e-97
311 1.482352323128574e-97
312 6.401110798374126e-98
313 2.6045750394838618e-98
314 1.7809080048952053e-98
315 1.4173323057461564e-98
316 3.6250372652350516e-99
317 2.2130355131924845e-99
318 1.2482507870888528e-99
319 6.085748864841291e-100
320 3.656633776041726e-100
321 1.4343369035847632e-100
322 8.03177059798879e-101
323 3.589758866208019e-101
324 1.7517192306089346e-101
325 4.6290323508406885e-102
326 2.5722783810337028e-102
327 1.4841636510375128e-102
328 5.906817514611543e-103
329 2.5425974078217427e-103
330 1.836448874158054e-103
331 7.392440649731512e-104
332 2.680141276222253e-104
333 1.301768030372627e-104
334 6.124677274033649e-105
335 3.765250352674078e-105
336 2.0687711761643995e-105
337 1.2844467042411773e-105
338 9.449517285884657e-106
339 3.262996716425605e-106
340 2.6554761074220337e-106
341 8.929457914773996e-107
342 4.668414313801242e-107
343 2.1760070977729638e-107
344 1.424634131185055e-107
345 4.102187043792737e-108
346 2.456994968362732e-108
347 1.4995177979945632e-108
348 5.070408036298216e-109
349 3.757227434265907e-109
350 1.2837954739462763e-109
351 7.590666963254602e-110
352 3.2976474131549625e-110
353 1.9428079692618335e-110
354 1.0880587242321507e-110
355 5.796845003867132e-111
356 2.4494087445765778e-111
357 9.55380452536622e-112
358 5.815235676273827e-112
359 3.522835941842511e-112
360 1.0521861658132865e-112
361 7.402937609646309e-113
362 2.662791010521681e-113
363 1.06845795840443e-113
364 7.390351402239853e-114
365 4.431073704112003e-114
366 1.687774803673423e-114
367 6.544669605122312e-115
368 3.987804730205002e-115
369 2.3650847806760624e-115
370 1.0212748824022826e-115
371 5.840613764168587e-116
372 3.575375631455508e-116
373 2.077406280507366e-116
374 7.97100773587256e-117
375 4.639397053087599e-117
376 2.3359824154358682e-117
377 7.220749494574077e-118
378 3.6887114138393256e-118
379 1.6249837025816349e-118
380 9.910426137423443e-119
381 4.5595121707101115e-119
382 3.2874093671801723e-119
383 1.2952104642734388e-119
384 6.82676159279216e-120
385 3.742940430235062e-120
386 1.9415702769391996e-120
387 1.0877319936183953e-120
388 6.910399929290902e-121
389 1.8315267131675623e-121
390 7.48188827371281e-122
391 4.7986682599352513e-122
392 1.7151485351747527e-122
393 6.818635152003763e-123
394 4.631284217223076e-123
395 3.345061342672939e-123
396 1.333996260086716e-123
397 3.929179832734582e-124
398 3.0131792131292745e-124
399 1.938479449809083e-124
400 7.298885095987976e-125
401 3.6301020248608134e-125
402 1.988934335545979e-125
403 1.0747043379420005e-125
404 7.433291449293009e-126
405 4.306630729733066e-126
406 3.1219889323052505e-126
407 2.0384540201968625e-126
408 1.7627702209396396e-126
409 4.222134874581371e-127
410 2.2652042788341362e-127
411 3.0501192236567165e-128
412 1.538840947935892e-128
413 6.755784524220343e-129
414 3.8070382379328026e-129
415 1.9194555193913222e-129
416 9.380797639811911e-130
417 3.7168815824266946e-130
418 1.655839442908138e-130
419 7.915323991369352e-131
420 5.018844401498116e-131
421 2.558587662560343e-131
422 1.302450783215317e-131
423 6.60655988866684e-132
424 4.186301784567644e-132
425 1.2870131780733121e-132
426 8.853235249083978e-133
427 5.299372876893839e-133
428 3.9563811641440574e-133
429 1.6326344609493805e-133
430 8.913378071397102e-134
431 4.361456276759183e-134
432 2.6599350268506446e-134
433 1.0403320735424232e-134
434 4.110797288707372e-135
435 3.12103143948738e-135
436 1.6880072130094498e-135
437 9.55478580608448e-136
438 4.766735193573297e-136
439 3.1342340504567904e-136
440 8.264488193294434e-137
441 3.709022432931516e-137
442 1.9997325675010136e-137
443 1.4294680442860623e-137
444 4.7976005299413907e-138
445 2.5959866009223518e-138
446 1.4017735693744955e-138
447 9.399558847713298e-139
448 3.307068492928667e-139
449 2.4554977364231953e-139
450 7.2565129252639385e-140
451 5.461366422648122e-140
452 1.9529559553206605e-140
453 7.367533610755563e-141
454 5.886721009782033e-141
455 1.5053620594941208e-141
456 6.889727902948096e-142
457 2.9046809032980046e-142
458 1.933871408086498e-142
459 9.18181759873428e-143
460 6.4185909274280445e-143
461 3.3994008753208597e-143
462 2.095191778478446e-143
463 6.703325072276439e-144
464 3.1108491742827476e-144
465 1.4186746244223584e-144
466 8.5587036154999e-145
467 3.7556511204185475e-145
468 2.628777501322916e-145
469 1.2038157902581499e-145
470 4.256411976570284e-146
471 1.9346596608949262e-146
472 1.0998001525649652e-146
473 6.87356363192207e-147
474 3.783375323177418e-147
475 2.3504531729960027e-147
476 1.3103000355459914e-147
477 3.3431209569533216e-148
478 1.642493137464349e-148
479 1.01094921634033e-148
480 6.336742601642336e-149
481 2.6446750196117676e-149
482 9.761819442268181e-150
483 6.796876285850764e-150
484 4.6211187042210163e-150
485 1.4684864805432922e-150
486 7.710016471542356e-151
487 3.0170363317484447e-151
488 1.6684269511242554e-151
489 6.002092900721013e-152
490 2.075154827979413e-152
491 1.5193309755567871e-152
492 8.838343330901186e-153
493 4.872307808787434e-153
494 3.201637019140836e-153
495 1.9684473923617415e-153
496 6.433343759296521e-154
497 4.735701252569759e-154
498 1.6441583769361176e-154
499 7.12113474736755e-155
500 1.9023142063384394e-155
501 1.4688567559942994e-155
502 9.945587718673951e-156
503 6.380389609616795e-156
504 2.995131810420465e-156
505 2.688485955045787e-156
506 1.3077349621016382e-156
507 3.999098945976509e-157
508 1.8743202214026697e-157
509 8.662655016626158e-158
510 4.75726982136298e-158
511 2.2477364684397612e-158
512 9.387750874333778e-159
513 3.273566550996342e-159
514 2.9276723667698024e-159
515 1.556539945484248e-159
516 5.675823602890777e-160
517 1.7545147626459097e-160
518 9.573307005907206e-161
519 7.389751545396643e-161
520 4.106959807328278e-161
521 1.2018984643506189e-161
522 7.501713574393853e-162
523 2.7903175467711644e-162
524 1.8877765480748083e-162
525 7.255015185532872e-163
526 4.8823696787524436e-163
527 2.4771846667099878e-163
528 8.443613408677599e-164
529 3.191464800658978e-164
530 1.7831308682996763e-164
531 1.5464426588241255e-164
532 6.122689269238933e-165
533 3.507157159651388e-165
534 1.6641024033962136e-165
535 8.317073715851206e-166
536 3.2344781633638475e-166
537 1.4004047039372123e-166
538 8.008323800088087e-167
539 3.3916159518641654e-167
540 1.4834138188463235e-167
541 5.55380386151114e-168
542 4.246515295887076e-168
543 1.6678515144633793e-168
544 9.718279015870508e-169
545 4.998102377030206e-169
546 3.189725267882486e-169
547 2.6503918413402796e-169
548 1.406976451339175e-169
549 6.2869136886429726e-170
550 2.263264109516575e-170
551 1.088135826046161e-170
552 4.0469667020701295e-171
553 1.7760890016031345e-171
554 1.2221704099219719e-171
555 8.439643103878258e-172
556 2.603782258099483e-172
557 1.4856260191202902e-172
558 4.756202939163892e-173
559 3.0403700505611e-173
560 9.020427216173505e-174
561 5.811698519101358e-174
562 3.5006614078447547e-174
563 2.177581562440904e-174
564 1.1294183984532284e-174
565 5.532415201074836e-175
566 2.3094415303467097e-175
567 1.4307158037762508e-175
568 5.562593234334043e-176
569 3.688159726051979e-176
570 1.3966913699257539e-176
571 6.150270130188196e-177
572 2.31733437114082e-177
573 1.352972343168275e-177
574 5.492560981720101e-178
575 4.3203850139649285e-178
576 2.426118620044853e-178
577 1.6615894506739866e-178
578 5.442545137689739e-179
579 2.7765335954094408e-179
580 1.9071150439024448e-179
581 8.7302616576651e-180
582 5.24523189277178e-180
583 2.3360019807296778e-180
584 1.0396420157886799e-180
585 5.971916254909839e-181
586 2.9055427908245925e-181
587 1.9198292295669827e-181
588 8.267428071069586e-182
589 3.4160212421963856e-182
590 1.6921550777562515e-182
591 1.0400670941278018e-182
592 3.400079024108311e-183
593 1.4870913435471856e-183
594 6.529777359056028e-184
595 4.757169495021827e-184
596 4.3162349647771075e-184
597 2.0642996910931598e-184
598 9.556660226600157e-185
599 4.2742324199639355e-185
600 2.1543563419080864e-185
601 9.818601084907142e-186
602 2.757849853958813e-186
603 9.063621423341301e-187
604 6.250848580954518e-187
605 2.2678430102168088e-187
606 1.5017867004124886e-187
607 7.563774153795487e-188
608 3.899336413607008e-188
609 2.2113505482856682e-188
610 1.2062259259799956e-188
611 7.77687107239168e-189
612 3.852383631839047e-189
613 2.1012404373349005e-189
614 8.246059811596115e-190
615 2.2056548632858198e-190
616 8.851075230109009e-191
617 6.540993288111063e-191
618 3.7645183930929134e-191
619 1.8498486666581343e-191
620 9.515349220700413e-192
621 3.3964611995579627e-192
622 2.479447823870126e-192
623 1.0951833205106889e-192
624 6.659682600479111e-193
625 2.2538065102652235e-193
626 1.3992037005360778e-193
627 6.229636109702479e-194
628 3.9839516903498055e-194
629 2.3644473062572393e-194
630 7.906507345530641e-195
631 4.154947863239391e-195
632 2.1372832296812946e-195
633 8.525344790443892e-196
634 5.360581994523063e-196
635 2.7920222575795507e-196
636 1.1881715031513429e-196
637 3.4151764411187177e-197
638 2.331719070720729e-197
639 1.0275451684500078e-197
640 5.9203075037727846e-198
641 3.2169331591375057e-198
642 1.991280537923919e-198
643 1.3588709670503752e-198
644 6.630650000006786e-199
645 2.5165933047862384e-199
646 1.641840596452413e-199
647 9.728592407540728e-200
648 4.998120564393394e-200
649 1.4554359430000293e-200
650 8.847246584423438e-201
651 6.445448620038048e-201
652 2.707511346566913e-201
653 1.3620256243554868e-201
654 9.677044780455264e-202
655 4.370244569411359e-202
656 1.7487388141986793e-202
657 6.647417401743549e-203
658 3.397455986248069e-203
659 1.683705613339801e-203
660 6.3704545214342275e-204
661 2.3864882738261445e-204
662 2.0392614753072794e-204
663 1.1155198037060364e-204
664 4.9205900310564e-205
665 1.3524666402401142e-205
666 6.585998156932544e-206
667 5.092226479647521e-206
668 2.0486996387689528e-206
669 1.4787862851781793e-206
670 7.446942921324414e-207
671 2.9662059784878334e-207
672 2.437821304817782e-207
673 1.5396475213066279e-207
674 4.003527915255449e-208
675 1.3231860050864547e-208
676 3.8041542911367015e-209
677 2.51957452723734e-209
678 1.4025740689322553e-209
679 8.818741971330907e-210
680 6.380456855995007e-210
681 2.3865043778327645e-210
682 1.4790109323064842e-210
683 9.269498866251848e-211
684 4.400202285488604e-211
685 2.066619600218391e-211
686 9.757198247824765e-212
687 5.748735061644482e-212
688 2.1004842586435804e-212
689 1.2173498822444063e-212
690 4.928534130556197e-213
691 2.7062909354110484e-213
692 1.749532311275854e-213
693 1.4623813021586295e-213
694 4.930404736750312e-214
695 1.2942089636124672e-214
696 9.164295382496682e-215
697 3.837017115363674e-215
698 2.8801488208125744e-215
699 1.1937461733077377e-215
700 5.5233216809011665e-216
701 4.086002807723145e-216
702 3.573455174516967e-216
703 7.854263578538726e-217
704 3.361012500163554e-217
705 1.7504883628293376e-217
706 1.1699689029888296e-217
707 5.280904140677466e-218
708 2.1856516499623317e-218
709 8.648118596702203e-219
710 3.188456165813187e-219
711 2.252255653432884e-219
712 1.8832674681874093e-219
713 1.1581464113657115e-219
714 6.1174743868971265e-220
715 1.4859574415342558e-220
716 9.088497678975966e-221
717 3.4823368415739874e-221
718 2.0637021897317185e-221
719 1.3795654152545855e-221
720 9.775454995408373e-222
721 3.3438715434544305e-222
722 1.609825012751915e-222
723 6.1753268831689464e-223
724 2.5383076060377132e-223
725 2.140385715444863e-223
726 5.105912315249066e-224
727 2.3802079093211355e-224
728 1.1219035946113634e-224
729 4.7440650609532745e-225
730 1.538875025889894e-225
731 7.621404055370859e-226
732 4.0078430086465614e-226
733 3.217115821997329e-226
734 1.556873228627224e-226
735 6.781025946646011e-227
736 4.291162290316026e-227
737 3.9437764945668295e-227
738 1.072628852260321e-227
739 6.015735395203991e-228
740 2.884661352620436e-228
741 1.7442981002438163e-228
742 9.038765912486675e-229
743 2.855202330888926e-229
744 1.0539514091313071e-229
745 8.356202557586515e-230
746 4.624028258485658e-230
747 2.8873207796471455e-230
748 9.433143223405878e-231
749 3.6974879049253736e-231
750 1.6916745865915573e-231
751 1.0851038796765923e-231
752 8.904455079525949e-232
753 3.988811251463684e-232
754 1.2163091250753876e-232
755 3.5965306567926526e-233
756 2.6020546685916595e-233
757 1.8788528100841072e-233
758 1.2166925161636127e-233
759 7.424613237208829e-234
760 3.6180955149639894e-234
761 2.504821797295486e-234
762 6.2558451902085136e-235
763 4.101567293606229e-235
764 2.4166639837157782e-235
765 1.2714338653864289e-235
766 4.435456028202948e-236
767 2.7680132754915914e-236
768 2.13412698171127e-236
769 7.467213738638562e-237
770 2.127942964545895e-237
771 8.044227295907488e-238
772 5.6100067321525914e-238
773 1.7958753756284388e-238
774 1.1539073854044404e-238
775 7.0655214449277055e-239
776 2.6997504045687e-239
777 2.029083902847781e-239
778 1.2849029111436367e-239
779 3.0648199164414094e-240
780 2.674834515002515e-240
781 9.033281227981492e-241
782 4.996835728773258e-241
783 2.997551567471621e-241
784 1.2836265723042075e-241
785 6.335541084043638e-242
786 2.9390989222610426e-242
787 1.6530806575055882e-242
788 5.965232358083644e-243
789 3.029931381477224e-243
790 1.7176527666493197e-243
791 7.163236188862909e-244
792 2.8282010072900267e-244
793 1.2197300054645204e-244
794 9.676511531124784e-245
795 3.329549704822247e-245
796 1.7556229199094739e-245
797 1.0029764393088102e-245
798 4.0556419257387593e-246
799 2.538990161517518e-246
800 1.1667249250711333e-246
801 6.583323623374361e-247
802 4.802696582852643e-247
803 1.697492040664375e-247
804 9.391336414715873e-248
805 5.106027101130626e-248
806 2.6657447624905984e-248
807 1.2139561604582307e-248
808 7.236703915380386e-249
809 4.396194068341458e-249
810 1.8544721479472757e-249
811 1.3688194516984548e-249
812 7.991758207780128e-250
813 3.0722563697008507e-250
814 1.1565978274256104e-250
815 3.078098810407743e-251
816 1.6131361581493342e-251
817 1.068253228838978e-251
818 6.214809102625183e-252
819 3.651094205096316e-252
820 2.4072542922762923e-252
821 1.125163971478315e-252
822 7.895576056602801e-253
823 3.7682006832458774e-253
824 1.512352080297041e-253
825 8.432379407893232e-254
826 5.313077003893101e-254
827 2.2355899360453166e-254
828 1.6440896869423531e-254
829 3.195960233310679e-255
830 2.598272280513644e-255
831 9.738286823861641e-256
832 5.173869592532927e-256
833 4.098369224200472e-256
834 9.54884081702665e-257
835 6.092117582971836e-257
836 3.0848658839198367e-257
837 1.92354099929948e-257
838 1.2948175518550306e-257
839 8.084057134419779e-258
840 3.837796308889532e-258
841 6.274797635462413e-259
842 2.0700970086450746e-259
843 1.6204585571306228e-259
844 6.568804883750721e-260
845 4.9343903617361205e-260
846 2.4193715918540435e-260
847 1.3496305415442141e-260
848 5.780431973509836e-261
849 2.5271729974977433e-261
850 1.3572485006299665e-261
851 5.040490519327978e-262
852 2.2566759030519166e-262
853 9.526627362953716e-263
854 8.123967779653829e-263
855 7.457139482968988e-263
856 2.8432802994406353e-263
857 1.2560554230813394e-263
858 1.00294336231428e-263
859 1.9470184526473432e-264
860 1.1062765212303263e-264
861 7.071721509430102e-265
862 3.5579969856509e-265
863 2.181334755532099e-265
864 1.4752326468777303e-265
865 8.345554896977966e-266
866 5.735598676039093e-266
867 2.576139006568009e-266
868 5.92779171338972e-267
869 5.070671014120239e-267
870 3.938470339803336e-267
871 2.596469761190409e-267
872 4.84506999656983e-268
873 3.4635599504378365e-268
874 9.2331523018085e-269
875 7.566254954515113e-269
876 6.634520478999066e-269
877 1.6766883730769168e-269
878 6.268086113667487e-270
879 2.442942505448416e-270
880 5.205327085515586e-271
881 1.969555598022852e-271
882 1.8723638973963273e-271
883 1.173837867759876e-271
884 6.790106620382773e-272
885 1.5884948468138304e-272
886 7.460071320576762e-273
887 3.191043315269703e-273
888 1.84997462290541e-273
889 6.100763440782784e-274
890 2.937911424536641e-274
891 2.335729520547159e-274
892 1.0268256468163524e-274
893 6.377129533835968e-275
894 4.6614160432411675e-275
895 2.2774928115028e-275
896 1.1431767761882906e-275
897 5.384440552276689e-276
898 2.967388971014517e-276
899 1.56139100925397e-276
900 6.436811870692946e-277
901 4.920715543455765e-277
902 2.1866446382096734e-277
903 1.9371353377530982e-277
904 1.0428605381245386e-277
905 2.646350356577236e-278
906 1.322715295073318e-278
907 5.4074060715716676e-279
908 2.523559886402448e-279
909 1.9674686505682317e-279
910 6.711517466878128e-280
911 1.631992065680191e-280
912 8.897933550627366e-281
913 3.9042599679100105e-281
914 2.7093729287115463e-281
915 1.935106274483503e-281
916 1.4267888964874157e-281
917 3.400361084200545e-282
918 1.1454710649602644e-282
919 7.407760678434047e-283
920 3.3989935697557746e-283
921 2.101498987585681e-283
922 1.2907760538151465e-283
923 6.367670308232144e-284
924 4.1523390980682076e-284
925 2.0685238603757366e-284
926 9.780111744920258e-285
927 6.420178160524485e-285
928 1.786295698262073e-285
929 9.66172970826414e-286
930 6.380774192543785e-286
931 3.802086907662584e-286
932 9.916857417108271e-287
933 6.44020646596875e-287
934 2.4799638034425922e-287
935 1.3808704245082267e-287
936 8.976565139307687e-288
937 4.721606210478609e-288
938 3.537877718143671e-288
939 7.9512710244993955e-289
940 5.735351861841113e-289
941 3.6404133251436058e-289
942 2.0475412045787867e-289
943 1.2845630460874207e-289
944 3.672952996380042e-290
945 2.4763660270081598e-290
946 7.18224939189955e-291
947 2.6794490599379472e-291
948 1.752471615447783e-291
949 1.0297304392731055e-291
950 4.942440639038476e-292
951 2.3123497357424104e-292
952 1.3238345067807447e-292
953 7.790728527180015e-293
954 3.239188288409897e-293
955 1.575305527552859e-293
956 1.1904890281023796e-293
957 6.114316824333896e-294
958 1.3410273417604428e-294
959 7.349861628143185e-295
960 4.08958494421827e-295
961 2.8520843247035665e-295
962 2.1930439730508086e-295
963 1.1983776765853939e-295
964 4.135282364118914e-296
965 1.7623941604742852e-296
966 6.245947291070345e-297
967 4.076129097428085e-297
968 2.9938158118084557e-297
969 9.872453062309748e-298
970 4.83786599892446e-298
971 4.116492332192661e-298
972 1.1318978746511418e-298
973 5.43794269427847e-299
974 2.477523554840305e-299
975 1.4199562619790049e-299
976 6.942931240623142e-300
977 4.156439214770021e-300
978 2.262791238141696e-300
979 7.823537505089377e-301
980 2.5152255637135118e-301
981 1.7960209947644057e-301
982 7.208023957240995e-302
983 3.674305412442402e-302
984 2.752827958784117e-302
985 2.3480122881840856e-302
986 1.3380646043745462e-302
987 4.605235350952597e-303
988 1.6255238251133558e-303
989 7.657289002358875e-304
990 4.9134679052162926e-304
991 2.6143064597766066e-304
992 1.0255257955805046e-304
993 3.913486663352421e-305
994 2.779863832981735e-305
995 1.3711983924110306e-305
996 5.194066945238212e-306
997 1.827168690863514e-306
998 8.832884156082205e-307
999 4.5588171842860624e-307
1000 2.1622179635827177e-307
1001 1.3013020195037323e-307
1002 8.695334935139265e-308
1003 4.841925962451619e-308
1004 2.6025014237950937e-308
1005 9.058768385376013e-309
1006 4.27682099446573e-309
1007 2.3622437660146e-309
1008 7.1468891381491e-310
1009 2.64844831237636e-310
1010 2.230609914279e-310
1011 1.37823808509114e-310
1012 5.891669903816e-311
1013 2.517963278577e-311
1014 1.5104010051743e-311
1015 1.233682635861e-311
1016 4.728476571873e-312
1017 1.274781550496e-312
1018 5.9193817387e-313
1019 2.31243549665e-313
1020 1.4126700341e-313
1021 1.1023706005e-313
1022 4.7120239163e-314
1023 2.614068823e-314
1024 1.5138746017e-314
1025 1.236652569e-314
1026 4.60312075e-315
1027 1.31739555e-315
1028 9.53688256e-316
1029 4.1242105e-316
1030 2.3745407e-316
1031 1.5498661e-316
1032 5.9872856e-317
1033 3.365085e-317
1034 1.6369576e-317
1035 7.39808e-318
1036 4.509204e-318
1037 3.244307e-318
1038 1.07988e-318
1039 5.0724e-319
1040 2.25506e-319
1041 1.2338e-319
1042 6.137e-320
1043 3.2697e-320
1044 1.363e-320
1045 9.06e-321
1046 2.594e-321
1047 1.3e-321
1048 8.9e-322
1049 4.2e-322
1050 1.3e-322
1051 9e-323
1052 6.4e-323
1053 2.5e-323
1054 1e-323
1055 5e-324
1056 0.0
1057 0.0
1058 0.0
1059 0.0
1060 0.0
1061 0.0
1062 0.0
1063 0.0
1064 0.0
1065 0.0
1066 0.0
1067 0.0
1068 0.0
1069 0.0
1070 0.0
1071 0.0
1072 0.0
1073 0.0
1074 0.0
1075 0.0
1076 0.0
1077 0.0
1078 0.0
1079 0.0
1080 0.0
1081 0.0
1082 0.0
1083 0.0
1084 0.0
1085 0.0
1086 0.0
1087 0.0
1088 0.0
1089 0.0
1090 0.0
1091 0.0
1092 0.0
1093 0.0
1094 0.0
1095 0.0
1096 0.0
1097 0.0
1098 0.0
1099 0.0
1100 0.0
1101 0.0
1102 0.0
1103 0.0
1104 0.0
1105 0.0
1106 0.0
1107 0.0
1108 0.0
1109 0.0
1110 0.0
1111 0.0
1112 0.0
1113 0.0
1114 0.0
1115 0.0
1116 0.0
1117 0.0
1118 0.0
1119 0.0
1120 0.0
1121 0.0
1122 0.0
1123 0.0
1124 0.0
1125 0.0
1126 0.0
1127 0.0
1128 0.0
1129 0.0
1130 0.0
1131 0.0
1132 0.0
1133 0.0
1134 0.0
1135 0.0
1136 0.0
1137 0.0
1138 0.0
1139 0.0
1140 0.0
1141 0.0
1142 0.0
1143 0.0
1144 0.0
1145 0.0
1146 0.0
1147 0.0
1148 0.0
1149 0.0
1150 0.0
1151 0.0
1152 0.0
1153 0.0
1154 0.0
1155 0.0
1156 0.0
1157 0.0
1158 0.0
1159 0.0
1160 0.0
1161 0.0
1162 0.0
1163 0.0
1164 0.0
1165 0.0
1166 0.0
1167 0.0
1168 0.0
1169 0.0
1170 0.0
1171 0.0
1172 0.0
1173 0.0
1174 0.0
1175 0.0
1176 0.0
1177 0.0
1178 0.0
1179 0.0
1180 0.0
1181 0.0
1182 0.0
1183 0.0
1184 0.0
1185 0.0
1186 0.0
1187 0.0
1188 0.0
1189 0.0
1190 0.0
1191 0.0
1192 0.0
1193 0.0
1194 0.0
1195 0.0
1196 0.0
1197 0.0
1198 0.0
1199 0.0
1200 0.0
1201 0.0
1202 0.0
1203 0.0
1204 0.0
1205 0.0
1206 0.0
1207 0.0
1208 0.0
1209 0.0
1210 0.0
1211 0.0
1212 0.0
1213 0.0
1214 0.0
1215 0.0
1216 0.0
1217 0.0
1218 0.0
1219 0.0
1220 0.0
1221 0.0
1222 0.0
1223 0.0
1224 0.0
1225 0.0
1226 0.0
1227 0.0
1228 0.0
1229 0.0
1230 0.0
1231 0.0
1232 0.0
1233 0.0
1234 0.0
1235 0.0
1236 0.0
1237 0.0
1238 0.0
1239 0.0
1240 0.0
1241 0.0
1242 0.0
1243 0.0
1244 0.0
1245 0.0
1246 0.0
1247 0.0
1248 0.0
1249 0.0
1250 0.0
1251 0.0
1252 0.0
1253 0.0
1254 0.0
1255 0.0
1256 0.0
1257 0.0
1258 0.0
1259 0.0
1260 0.0
1261 0.0
1262 0.0
1263 0.0
1264 0.0
1265 0.0
1266 0.0
1267 0.0
1268 0.0
1269 0.0
1270 0.0
1271 0.0
1272 0.0
1273 0.0
1274 0.0
1275 0.0
1276 0.0
1277 0.0
1278 0.0
1279 0.0
1280 0.0
1281 0.0
1282 0.0
1283 0.0
1284 0.0
1285 0.0
1286 0.0
1287 0.0
1288 0.0
1289 0.0
1290 0.0
1291 0.0
1292 0.0
1293 0.0
1294 0.0
1295 0.0
1296 0.0
1297 0.0
1298 0.0
1299 0.0
1300 0.0
1301 0.0
1302 0.0
1303 0.0
1304 0.0
1305 0.0
1306 0.0
1307 0.0
1308 0.0
1309 0.0
1310 0.0
1311 0.0
1312 0.0
1313 0.0
1314 0.0
1315 0.0
1316 0.0
1317 0.0
1318 0.0
1319 0.0
1320 0.0
1321 0.0
1322 0.0
1323 0.0
1324 0.0
1325 0.0
1326 0.0
1327 0.0
1328 0.0
1329 0.0
1330 0.0
1331 0.0
1332 0.0
1333 0.0
1334 0.0
1335 0.0
1336 0.0
1337 0.0
1338 0.0
1339 0.0
1340 0.0
1341 0.0
1342 0.0
1343 0.0
1344 0.0
1345 0.0
1346 0.0
1347 0.0
1348 0.0
1349 0.0
1350 0.0
1351 0.0
1352 0.0
1353 0.0
1354 0.0
1355 0.0
1356 0.0
1357 0.0
1358 0.0
1359 0.0
1360 0.0
1361 0.0
1362 0.0
1363 0.0
1364 0.0
1365 0.0
1366 0.0
1367 0.0
1368 0.0
1369 0.0
1370 0.0
1371 0.0
1372 0.0
1373 0.0
1374 0.0
1375 0.0
1376 0.0
1377 0.0
1378 0.0
1379 0.0
1380 0.0
1381 0.0
1382 0.0
1383 0.0
1384 0.0
1385 0.0
1386 0.0
1387 0.0
1388 0.0
1389 0.0
1390 0.0
1391 0.0
1392 0.0
1393 0.0
1394 0.0
1395 0.0
1396 0.0
1397 0.0
1398 0.0
1399 0.0
1400 0.0
1401 0.0
1402 0.0
1403 0.0
1404 0.0
1405 0.0
1406 0.0
1407 0.0
1408 0.0
1409 0.0
1410 0.0
1411 0.0
1412 0.0
1413 0.0
1414 0.0
1415 0.0
1416 0.0
1417 0.0
1418 0.0
1419 0.0
1420 0.0
1421 0.0
1422 0.0
1423 0.0
1424 0.0
1425 0.0
1426 0.0
1427 0.0
1428 0.0
1429 0.0
1430 0.0
1431 0.0
1432 0.0
1433 0.0
1434 0.0
1435 0.0
1436 0.0
1437 0.0
1438 0.0
1439 0.0
1440 0.0
1441 0.0
1442 0.0
1443 0.0
1444 0.0
1445 0.0
1446 0.0
1447 0.0
1448 0.0
1449 0.0
1450 0.0
1451 0.0
1452 0.0
1453 0.0
1454 0.0
1455 0.0
1456 0.0
1457 0.0
1458 0.0
1459 0.0
1460 0.0
1461 0.0
1462 0.0
1463 0.0
1464 0.0
1465 0.0
1466 0.0
1467 0.0
1468 0.0
1469 0.0
1470 0.0
1471 0.0
1472 0.0
1473 0.0
1474 0.0
1475 0.0
1476 0.0
1477 0.0
1478 0.0
1479 0.0
1480 0.0
1481 0.0
1482 0.0
1483 0.0
1484 0.0
1485 0.0
1486 0.0
1487 0.0
1488 0.0
1489 0.0
1490 0.0
1491 0.0
1492 0.0
1493 0.0
1494 0.0
1495 0.0
1496 0.0
1497 0.0
1498 0.0
1499 0.0
1500 0.0
1501 0.0
1502 0.0
1503 0.0
1504 0.0
1505 0.0
1506 0.0
1507 0.0
1508 0.0
1509 0.0
1510 0.0
1511 0.0
1512 0.0
1513 0.0
1514 0.0
1515 0.0
1516 0.0
1517 0.0
1518 0.0
1519 0.0
1520 0.0
1521 0.0
1522 0.0
1523 0.0
1524 0.0
1525 0.0
1526 0.0
1527 0.0
1528 0.0
1529 0.0
1530 0.0
1531 0.0
1532 0.0
1533 0.0
1534 0.0
1535 0.0
1536 0.0
1537 0.0
1538 0.0
1539 0.0
1540 0.0
1541 0.0
1542 0.0
1543 0.0
1544 0.0
1545 0.0
1546 0.0
1547 0.0
1548 0.0
1549 0.0
1550 0.0
1551 0.0
1552 0.0
1553 0.0
1554 0.0
1555 0.0
1556 0.0
1557 0.0
1558 0.0
1559 0.0
1560 0.0
1561 0.0
1562 0.0
1563 0.0
1564 0.0
1565 0.0
1566 0.0
1567 0.0
1568 0.0
1569 0.0
1570 0.0
1571 0.0
1572 0.0
1573 0.0
1574 0.0
1575 0.0
1576 0.0
1577 0.0
1578 0.0
1579 0.0
1580 0.0
1581 0.0
1582 0.0
1583 0.0
1584 0.0
1585 0.0
1586 0.0
1587 0.0
1588 0.0
1589 0.0
1590 0.0
1591 0.0
1592 0.0
1593 0.0
1594 0.0
1595 0.0
1596 0.0
1597 0.0
1598 0.0
1599 0.0
1600 0.0
1601 0.0
1602 0.0
1603 0.0
1604 0.0
1605 0.0
1606 0.0
1607 0.0
1608 0.0
1609 0.0
1610 0.0
1611 0.0
1612 0.0
1613 0.0
1614 0.0
1615 0.0
1616 0.0
1617 0.0
1618 0.0
1619 0.0
1620 0.0
1621 0.0
1622 0.0
1623 0.0
1624 0.0
1625 0.0
1626 0.0
1627 0.0
1628 0.0
1629 0.0
1630 0.0
1631 0.0
1632 0.0
1633 0.0
1634 0.0
1635 0.0
1636 0.0
1637 0.0
1638 0.0
1639 0.0
1640 0.0
1641 0.0
1642 0.0
1643 0.0
1644 0.0
1645 0.0
1646 0.0
1647 0.0
1648 0.0
1649 0.0
1650 0.0
1651 0.0
1652 0.0
1653 0.0
1654 0.0
1655 0.0
1656 0.0
1657 0.0
1658 0.0
1659 0.0
1660 0.0
1661 0.0
1662 0.0
1663 0.0
1664 0.0
1665 0.0
1666 0.0
1667 0.0
1668 0.0
1669 0.0
1670 0.0
1671 0.0
1672 0.0
1673 0.0
1674 0.0
1675 0.0
1676 0.0
1677 0.0
1678 0.0
1679 0.0
1680 0.0
1681 0.0
1682 0.0
1683 0.0
1684 0.0
1685 0.0
1686 0.0
1687 0.0
1688 0.0
1689 0.0
1690 0.0
1691 0.0
1692 0.0
1693 0.0
1694 0.0
1695 0.0
1696 0.0
1697 0.0
1698 0.0
1699 0.0
1700 0.0
1701 0.0
1702 0.0
1703 0.0
1704 0.0
1705 0.0
1706 0.0
1707 0.0
1708 0.0
1709 0.0
1710 0.0
1711 0.0
1712 0.0
1713 0.0
1714 0.0
1715 0.0
1716 0.0
1717 0.0
1718 0.0
1719 0.0
1720 0.0
1721 0.0
1722 0.0
1723 0.0
1724 0.0
1725 0.0
1726 0.0
1727 0.0
1728 0.0
1729 0.0
1730 0.0
1731 0.0
1732 0.0
1733 0.0
1734 0.0
1735 0.0
1736 0.0
1737 0.0
1738 0.0
1739 0.0
1740 0.0
1741 0.0
1742 0.0
1743 0.0
1744 0.0
1745 0.0
1746 0.0
1747 0.0
1748 0.0
1749 0.0
1750 0.0
1751 0.0
1752 0.0
1753 0.0
1754 0.0
1755 0.0
1756 0.0
1757 0.0
1758 0.0
1759 0.0
1760 0.0
1761 0.0
1762 0.0
1763 0.0
1764 0.0
1765 0.0
1766 0.0
1767 0.0
1768 0.0
1769 0.0
1770 0.0
1771 0.0
1772 0.0
1773 0.0
1774 0.0
1775 0.0
1776 0.0
1777 0.0
1778 0.0
1779 0.0
1780 0.0
1781 0.0
1782 0.0
1783 0.0
1784 0.0
1785 0.0
1786 0.0
1787 0.0
1788 0.0
1789 0.0
1790 0.0
1791 0.0
1792 0.0
1793 0.0
1794 0.0
1795 0.0
1796 0.0
1797 0.0
1798 0.0
1799 0.0
1800 0.0
1801 0.0
1802 0.0
1803 0.0
1804 0.0
1805 0.0
1806 0.0
1807 0.0
1808 0.0
1809 0.0
1810 0.0
1811 0.0
1812 0.0
1813 0.0
1814 0.0
1815 0.0
1816 0.0
1817 0.0
1818 0.0
1819 0.0
1820 0.0
1821 0.0
1822 0.0
1823 0.0
1824 0.0
1825 0.0
1826 0.0
1827 0.0
1828 0.0
1829 0.0
1830 0.0
1831 0.0
1832 0.0
1833 0.0
1834 0.0
1835 0.0
1836 0.0
1837 0.0
1838 0.0
1839 0.0
1840 0.0
1841 0.0
1842 0.0
1843 0.0
1844 0.0
1845 0.0
1846 0.0
1847 0.0
1848 0.0
1849 0.0
1850 0.0
1851 0.0
1852 0.0
1853 0.0
1854 0.0
1855 0.0
1856 0.0
1857 0.0
1858 0.0
1859 0.0
1860 0.0
1861 0.0
1862 0.0
1863 0.0
1864 0.0
1865 0.0
1866 0.0
1867 0.0
1868 0.0
1869 0.0
1870 0.0
1871 0.0
1872 0.0
1873 0.0
1874 0.0
1875 0.0
1876 0.0
1877 0.0
1878 0.0
1879 0.0
1880 0.0
1881 0.0
1882 0.0
1883 0.0
1884 0.0
1885 0.0
1886 0.0
1887 0.0
1888 0.0
1889 0.0
1890 0.0
1891 0.0
1892 0.0
1893 0.0
1894 0.0
1895 0.0
1896 0.0
1897 0.0
1898 0.0
1899 0.0
1900 0.0
1901 0.0
1902 0.0
1903 0.0
1904 0.0
1905 0.0
1906 0.0
1907 0.0
1908 0.0
1909 0.0
1910 0.0
1911 0.0
1912 0.0
1913 0.0
1914 0.0
1915 0.0
1916 0.0
1917 0.0
1918 0.0
1919 0.0
1920 0.0
1921 0.0
1922 0.0
1923 0.0
1924 0.0
1925 0.0
1926 0.0
1927 0.0
1928 0.0
1929 0.0
1930 0.0
1931 0.0
1932 0.0
1933 0.0
1934 0.0
1935 0.0
1936 0.0
1937 0.0
1938 0.0
1939 0.0
1940 0.0
1941 0.0
1942 0.0
1943 0.0
1944 0.0
1945 0.0
1946 0.0
1947 0.0
1948 0.0
1949 0.0
1950 0.0
1951 0.0
1952 0.0
1953 0.0
1954 0.0
1955 0.0
1956 0.0
1957 0.0
1958 0.0
1959 0.0
1960 0.0
1961 0.0
1962 0.0
1963 0.0
1964 0.0
1965 0.0
1966 0.0
1967 0.0
1968 0.0
1969 0.0
1970 0.0
1971 0.0
1972 0.0
1973 0.0
1974 0.0
1975 0.0
1976 0.0
1977 0.0
1978 0.0
1979 0.0
1980 0.0
1981 0.0
1982 0.0
1983 0.0
1984 0.0
1985 0.0
1986 0.0
1987 0.0
1988 0.0
1989 0.0
1990 0.0
1991 0.0
1992 0.0
1993 0.0
1994 0.0
1995 0.0
1996 0.0
1997 0.0
1998 0.0
1999 0.0
2000 0.0
2001 0.0
2002 0.0
2003 0.0
2004 0.0
2005 0.0
2006 0.0
2007 0.0
2008 0.0
2009 0.0
2010 0.0
2011 0.0
2012 0.0
2013 0.0
2014 0.0
2015 0.0
2016 0.0
2017 0.0
2018 0.0
2019 0.0
2020 0.0
2021 0.0
2022 0.0
2023 0.0
2024 0.0
2025 0.0
2026 0.0
2027 0.0
2028 0.0
2029 0.0
2030 0.0
2031 0.0
2032 0.0
2033 0.0
2034 0.0
2035 0.0
2036 0.0
2037 0.0
2038 0.0
2039 0.0
2040 0.0
2041 0.0
2042 0.0
2043 0.0
2044 0.0
2045 0.0
2046 0.0
2047 0.0
2048 0.0
2049 0.0
2050 0.0
2051 0.0
2052 0.0
2053 0.0
2054 0.0
2055 0.0
2056 0.0
2057 0.0
2058 0.0
2059 0.0
2060 0.0
2061 0.0
2062 0.0
2063 0.0
2064 0.0
2065 0.0
2066 0.0
2067 0.0
2068 0.0
2069 0.0
2070 0.0
2071 0.0
2072 0.0
2073 0.0
2074 0.0
2075 0.0
2076 0.0
2077 0.0
2078 0.0
2079 0.0
2080 0.0
2081 0.0
2082 0.0
2083 0.0
2084 0.0
2085 0.0
2086 0.0
2087 0.0
2088 0.0
2089 0.0
2090 0.0
2091 0.0
2092 0.0
2093 0.0
2094 0.0
2095 0.0
2096 0.0
2097 0.0
2098 0.0
2099 0.0
2100 0.0
2101 0.0
2102 0.0
2103 0.0
2104 0.0
2105 0.0
2106 0.0
2107 0.0
2108 0.0
2109 0.0
2110 0.0
2111 0.0
2112 0.0
2113 0.0
2114 0.0
2115 0.0
2116 0.0
2117 0.0
2118 0.0
2119 0.0
2120 0.0
2121 0.0
2122 0.0
2123 0.0
2124 0.0
2125 0.0
2126 0.0
2127 0.0
2128 0.0
2129 0.0
2130 0.0
2131 0.0
2132 0.0
2133 0.0
2134 0.0
2135 0.0
2136 0.0
2137 0.0
2138 0.0
2139 0.0
2140 0.0
2141 0.0
2142 0.0
2143 0.0
2144 0.0
2145 0.0
2146 0.0
2147 0.0
2148 0.0
2149 0.0
2150 0.0
2151 0.0
2152 0.0
2153 0.0
2154 0.0
2155 0.0
2156 0.0
2157 0.0
2158 0.0
2159 0.0
2160 0.0
2161 0.0
2162 0.0
2163 0.0
2164 0.0
2165 0.0
2166 0.0
2167 0.0
2168 0.0
2169 0.0
2170 0.0
2171 0.0
2172 0.0
2173 0.0
2174 0.0
2175 0.0
2176 0.0
2177 0.0
2178 0.0
2179 0.0
2180 0.0
2181 0.0
2182 0.0
2183 0.0
2184 0.0
2185 0.0
2186 0.0
2187 0.0
2188 0.0
2189 0.0
2190 0.0
2191 0.0
2192 0.0
2193 0.0
2194 0.0
2195 0.0
2196 0.0
2197 0.0
2198 0.0
2199 0.0
2200 0.0
2201 0.0
2202 0.0
2203 0.0
2204 0.0
2205 0.0
2206 0.0
2207 0.0
2208 0.0
2209 0.0
2210 0.0
2211 0.0
2212 0.0
2213 0.0
2214 0.0
2215 0.0
2216 0.0
2217 0.0
2218 0.0
2219 0.0
2220 0.0
2221 0.0
2222 0.0
2223 0.0
2224 0.0
2225 0.0
2226 0.0
2227 0.0
2228 0.0
2229 0.0
2230 0.0
2231 0.0
2232 0.0
2233 0.0
2234 0.0
2235 0.0
2236 0.0
2237 0.0
2238 0.0
2239 0.0
2240 0.0
2241 0.0
2242 0.0
2243 0.0
2244 0.0
2245 0.0
2246 0.0
2247 0.0
2248 0.0
2249 0.0
2250 0.0
2251 0.0
2252 0.0
2253 0.0
2254 0.0
2255 0.0
2256 0.0
2257 0.0
2258 0.0
2259 0.0
2260 0.0
2261 0.0
2262 0.0
2263 0.0
2264 0.0
2265 0.0
2266 0.0
2267 0.0
2268 0.0
2269 0.0
2270 0.0
2271 0.0
2272 0.0
2273 0.0
2274 0.0
2275 0.0
2276 0.0
2277 0.0
2278 0.0
2279 0.0
2280 0.0
2281 0.0
2282 0.0
2283 0.0
2284 0.0
2285 0.0
2286 0.0
2287 0.0
2288 0.0
2289 0.0
2290 0.0
2291 0.0
2292 0.0
2293 0.0
2294 0.0
2295 0.0
2296 0.0
2297 0.0
2298 0.0
2299 0.0
2300 0.0
2301 0.0
2302 0.0
2303 0.0
2304 0.0
2305 0.0
2306 0.0
2307 0.0
2308 0.0
2309 0.0
2310 0.0
2311 0.0
2312 0.0
2313 0.0
2314 0.0
2315 0.0
2316 0.0
2317 0.0
2318 0.0
2319 0.0
2320 0.0
2321 0.0
2322 0.0
2323 0.0
2324 0.0
2325 0.0
2326 0.0
2327 0.0
2328 0.0
2329 0.0
2330 0.0
2331 0.0
2332 0.0
2333 0.0
2334 0.0
2335 0.0
2336 0.0
2337 0.0
2338 0.0
2339 0.0
2340 0.0
2341 0.0
2342 0.0
2343 0.0
2344 0.0
2345 0.0
2346 0.0
2347 0.0
2348 0.0
2349 0.0
2350 0.0
2351 0.0
2352 0.0
2353 0.0
2354 0.0
2355 0.0
2356 0.0
2357 0.0
2358 0.0
2359 0.0
2360 0.0
2361 0.0
2362 0.0
2363 0.0
2364 0.0
2365 0.0
2366 0.0
2367 0.0
2368 0.0
2369 0.0
2370 0.0
2371 0.0
2372 0.0
2373 0.0
2374 0.0
2375 0.0
2376 0.0
2377 0.0
2378 0.0
2379 0.0
2380 0.0
2381 0.0
2382 0.0
2383 0.0
2384 0.0
2385 0.0
2386 0.0
2387 0.0
2388 0.0
2389 0.0
2390 0.0
2391 0.0
2392 0.0
2393 0.0
2394 0.0
2395 0.0
2396 0.0
2397 0.0
2398 0.0
2399 0.0
2400 0.0
2401 0.0
2402 0.0
2403 0.0
2404 0.0
2405 0.0
2406 0.0
2407 0.0
2408 0.0
2409 0.0
2410 0.0
2411 0.0
2412 0.0
2413 0.0
2414 0.0
2415 0.0
2416 0.0
2417 0.0
2418 0.0
2419 0.0
2420 0.0
2421 0.0
2422 0.0
2423 0.0
2424 0.0
2425 0.0
2426 0.0
2427 0.0
2428 0.0
2429 0.0
2430 0.0
2431 0.0
2432 0.0
2433 0.0
2434 0.0
2435 0.0
2436 0.0
2437 0.0
2438 0.0
2439 0.0
2440 0.0
2441 0.0
2442 0.0
2443 0.0
2444 0.0
2445 0.0
2446 0.0
2447 0.0
2448 0.0
2449 0.0
2450 0.0
2451 0.0
2452 0.0
2453 0.0
2454 0.0
2455 0.0
2456 0.0
2457 0.0
2458 0.0
2459 0.0
2460 0.0
2461 0.0
2462 0.0
2463 0.0
2464 0.0
2465 0.0
2466 0.0
2467 0.0
2468 0.0
2469 0.0
2470 0.0
2471 0.0
2472 0.0
2473 0.0
2474 0.0
2475 0.0
2476 0.0
2477 0.0
2478 0.0
2479 0.0
2480 0.0
2481 0.0
2482 0.0
2483 0.0
2484 0.0
2485 0.0
2486 0.0
2487 0.0
2488 0.0
2489 0.0
2490 0.0
2491 0.0
2492 0.0
2493 0.0
2494 0.0
2495 0.0
2496 0.0
2497 0.0
2498 0.0
2499 0.0
2500 0.0
2501 0.0
2502 0.0
2503 0.0
2504 0.0
2505 0.0
2506 0.0
2507 0.0
2508 0.0
2509 0.0
2510 0.0
2511 0.0
2512 0.0
2513 0.0
2514 0.0
2515 0.0
2516 0.0
2517 0.0
2518 0.0
2519 0.0
2520 0.0
2521 0.0
2522 0.0
2523 0.0
2524 0.0
2525 0.0
2526 0.0
2527 0.0
2528 0.0
2529 0.0
2530 0.0
2531 0.0
2532 0.0
2533 0.0
2534 0.0
2535 0.0
2536 0.0
2537 0.0
2538 0.0
2539 0.0
2540 0.0
2541 0.0
2542 0.0
2543 0.0
2544 0.0
2545 0.0
2546 0.0
2547 0.0
2548 0.0
2549 0.0
2550 0.0
2551 0.0
2552 0.0
2553 0.0
2554 0.0
2555 0.0
2556 0.0
2557 0.0
2558 0.0
2559 0.0
2560 0.0
2561 0.0
2562 0.0
2563 0.0
2564 0.0
2565 0.0
2566 0.0
2567 0.0
2568 0.0
2569 0.0
2570 0.0
2571 0.0
2572 0.0
2573 0.0
2574 0.0
2575 0.0
2576 0.0
2577 0.0
2578 0.0
2579 0.0
2580 0.0
2581 0.0
2582 0.0
2583 0.0
2584 0.0
2585 0.0
2586 0.0
2587 0.0
2588 0.0
2589 0.0
2590 0.0
2591 0.0
2592 0.0
2593 0.0
2594 0.0
2595 0.0
2596 0.0
2597 0.0
2598 0.0
2599 0.0
2600 0.0
2601 0.0
2602 0.0
2603 0.0
2604 0.0
2605 0.0
2606 0.0
2607 0.0
2608 0.0
2609 0.0
2610 0.0
2611 0.0
2612 0.0
2613 0.0
2614 0.0
2615 0.0
2616 0.0
2617 0.0
2618 0.0
2619 0.0
2620 0.0
2621 0.0
2622 0.0
2623 0.0
2624 0.0
2625 0.0
2626 0.0
2627 0.0
2628 0.0
2629 0.0
2630 0.0
2631 0.0
2632 0.0
2633 0.0
2634 0.0
2635 0.0
2636 0.0
2637 0.0
2638 0.0
2639 0.0
2640 0.0
2641 0.0
2642 0.0
2643 0.0
2644 0.0
2645 0.0
2646 0.0
2647 0.0
2648 0.0
2649 0.0
2650 0.0
2651 0.0
2652 0.0
2653 0.0
2654 0.0
2655 0.0
2656 0.0
2657 0.0
2658 0.0
2659 0.0
2660 0.0
2661 0.0
2662 0.0
2663 0.0
2664 0.0
2665 0.0
2666 0.0
2667 0.0
2668 0.0
2669 0.0
2670 0.0
2671 0.0
2672 0.0
2673 0.0
2674 0.0
2675 0.0
2676 0.0
2677 0.0
2678 0.0
2679 0.0
2680 0.0
2681 0.0
2682 0.0
2683 0.0
2684 0.0
2685 0.0
2686 0.0
2687 0.0
2688 0.0
2689 0.0
2690 0.0
2691 0.0
2692 0.0
2693 0.0
2694 0.0
2695 0.0
2696 0.0
2697 0.0
2698 0.0
2699 0.0
2700 0.0
2701 0.0
2702 0.0
2703 0.0
2704 0.0
2705 0.0
2706 0.0
2707 0.0
2708 0.0
2709 0.0
2710 0.0
2711 0.0
2712 0.0
2713 0.0
2714 0.0
2715 0.0
2716 0.0
2717 0.0
2718 0.0
2719 0.0
2720 0.0
2721 0.0
2722 0.0
2723 0.0
2724 0.0
2725 0.0
2726 0.0
2727 0.0
2728 0.0
2729 0.0
2730 0.0
2731 0.0
2732 0.0
2733 0.0
2734 0.0
2735 0.0
2736 0.0
2737 0.0
2738 0.0
2739 0.0
2740 0.0
2741 0.0
2742 0.0
2743 0.0
2744 0.0
2745 0.0
2746 0.0
2747 0.0
2748 0.0
2749 0.0
2750 0.0
2751 0.0
2752 0.0
2753 0.0
2754 0.0
2755 0.0
2756 0.0
2757 0.0
2758 0.0
2759 0.0
2760 0.0
2761 0.0
2762 0.0
2763 0.0
2764 0.0
2765 0.0
2766 0.0
2767 0.0
2768 0.0
2769 0.0
2770 0.0
2771 0.0
2772 0.0
2773 0.0
2774 0.0
2775 0.0
2776 0.0
2777 0.0
2778 0.0
2779 0.0
2780 0.0
2781 0.0
2782 0.0
2783 0.0
2784 0.0
2785 0.0
2786 0.0
2787 0.0
2788 0.0
2789 0.0
2790 0.0
2791 0.0
2792 0.0
2793 0.0
2794 0.0
2795 0.0
2796 0.0
2797 0.0
2798 0.0
2799 0.0
2800 0.0
2801 0.0
2802 0.0
2803 0.0
2804 0.0
2805 0.0
2806 0.0
2807 0.0
2808 0.0
2809 0.0
2810 0.0
2811 0.0
2812 0.0
2813 0.0
2814 0.0
2815 0.0
2816 0.0
2817 0.0
2818 0.0
2819 0.0
2820 0.0
2821 0.0
2822 0.0
2823 0.0
2824 0.0
2825 0.0
2826 0.0
2827 0.0
2828 0.0
2829 0.0
2830 0.0
2831 0.0
2832 0.0
2833 0.0
2834 0.0
2835 0.0
2836 0.0
2837 0.0
2838 0.0
2839 0.0
2840 0.0
2841 0.0
2842 0.0
2843 0.0
2844 0.0
2845 0.0
2846 0.0
2847 0.0
2848 0.0
2849 0.0
2850 0.0
2851 0.0
2852 0.0
2853 0.0
2854 0.0
2855 0.0
2856 0.0
2857 0.0
2858 0.0
2859 0.0
2860 0.0
2861 0.0
2862 0.0
2863 0.0
2864 0.0
2865 0.0
2866 0.0
2867 0.0
2868 0.0
2869 0.0
2870 0.0
2871 0.0
2872 0.0
2873 0.0
2874 0.0
2875 0.0
2876 0.0
2877 0.0
2878 0.0
2879 0.0
2880 0.0
2881 0.0
2882 0.0
2883 0.0
2884 0.0
2885 0.0
2886 0.0
2887 0.0
2888 0.0
2889 0.0
2890 0.0
2891 0.0
2892 0.0
2893 0.0
2894 0.0
2895 0.0
2896 0.0
2897 0.0
2898 0.0
2899 0.0
2900 0.0
2901 0.0
2902 0.0
2903 0.0
2904 0.0
2905 0.0
2906 0.0
2907 0.0
2908 0.0
2909 0.0
2910 0.0
2911 0.0
2912 0.0
2913 0.0
2914 0.0
2915 0.0
2916 0.0
2917 0.0
2918 0.0
2919 0.0
2920 0.0
2921 0.0
2922 0.0
2923 0.0
2924 0.0
2925 0.0
2926 0.0
2927 0.0
2928 0.0
2929 0.0
2930 0.0
2931 0.0
2932 0.0
2933 0.0
2934 0.0
2935 0.0
2936 0.0
2937 0.0
2938 0.0
2939 0.0
2940 0.0
2941 0.0
2942 0.0
2943 0.0
2944 0.0
2945 0.0
2946 0.0
2947 0.0
2948 0.0
2949 0.0
2950 0.0
2951 0.0
2952 0.0
2953 0.0
2954 0.0
2955 0.0
2956 0.0
2957 0.0
2958 0.0
2959 0.0
2960 0.0
2961 0.0
2962 0.0
2963 0.0
2964 0.0
2965 0.0
2966 0.0
2967 0.0
2968 0.0
2969 0.0
2970 0.0
2971 0.0
2972 0.0
2973 0.0
2974 0.0
2975 0.0
2976 0.0
2977 0.0
2978 0.0
2979 0.0
2980 0.0
2981 0.0
2982 0.0
2983 0.0
2984 0.0
2985 0.0
2986 0.0
2987 0.0
2988 0.0
2989 0.0
2990 0.0
2991 0.0
2992 0.0
2993 0.0
2994 0.0
2995 0.0
2996 0.0
2997 0.0
2998 0.0
2999 0.0
3000 0.0
3001 0.0
3002 0.0
3003 0.0
3004 0.0
3005 0.0
3006 0.0
3007 0.0
3008 0.0
3009 0.0
3010 0.0
3011 0.0
3012 0.0
3013 0.0
3014 0.0
3015 0.0
3016 0.0
3017 0.0
3018 0.0
3019 0.0
3020 0.0
3021 0.0
3022 0.0
3023 0.0
3024 0.0
3025 0.0
3026 0.0
3027 0.0
3028 0.0
3029 0.0
3030 0.0
3031 0.0
3032 0.0
3033 0.0
3034 0.0
3035 0.0
3036 0.0
3037 0.0
3038 0.0
3039 0.0
3040 0.0
3041 0.0
3042 0.0
3043 0.0
3044 0.0
3045 0.0
3046 0.0
3047 0.0
3048 0.0
3049 0.0
3050 0.0
3051 0.0
3052 0.0
3053 0.0
3054 0.0
3055 0.0
3056 0.0
3057 0.0
3058 0.0
3059 0.0
3060 0.0
3061 0.0
3062 0.0
3063 0.0
3064 0.0
3065 0.0
3066 0.0
3067 0.0
3068 0.0
3069 0.0
3070 0.0
3071 0.0
3072 0.0
3073 0.0
3074 0.0
3075 0.0
3076 0.0
3077 0.0
3078 0.0
3079 0.0
3080 0.0
3081 0.0
3082 0.0
3083 0.0
3084 0.0
3085 0.0
3086 0.0
3087 0.0
3088 0.0
3089 0.0
3090 0.0
3091 0.0
3092 0.0
3093 0.0
3094 0.0
3095 0.0
3096 0.0
3097 0.0
3098 0.0
3099 0.0
3100 0.0
3101 0.0
3102 0.0
3103 0.0
3104 0.0
3105 0.0
3106 0.0
3107 0.0
3108 0.0
3109 0.0
3110 0.0
3111 0.0
3112 0.0
3113 0.0
3114 0.0
3115 0.0
3116 0.0
3117 0.0
3118 0.0
3119 0.0
3120 0.0
3121 0.0
3122 0.0
3123 0.0
3124 0.0
3125 0.0
3126 0.0
3127 0.0
3128 0.0
3129 0.0
3130 0.0
3131 0.0
3132 0.0
3133 0.0
3134 0.0
3135 0.0
3136 0.0
3137 0.0
3138 0.0
3139 0.0
3140 0.0
3141 0.0
3142 0.0
3143 0.0
3144 0.0
3145 0.0
3146 0.0
3147 0.0
3148 0.0
3149 0.0
3150 0.0
3151 0.0
3152 0.0
3153 0.0
3154 0.0
3155 0.0
3156 0.0
3157 0.0
3158 0.0
3159 0.0
3160 0.0
3161 0.0
3162 0.0
3163 0.0
3164 0.0
3165 0.0
3166 0.0
3167 0.0
3168 0.0
3169 0.0
3170 0.0
3171 0.0
3172 0.0
3173 0.0
3174 0.0
3175 0.0
3176 0.0
3177 0.0
3178 0.0
3179 0.0
3180 0.0
3181 0.0
3182 0.0
3183 0.0
3184 0.0
3185 0.0
3186 0.0
3187 0.0
3188 0.0
3189 0.0
3190 0.0
3191 0.0
3192 0.0
3193 0.0
3194 0.0
3195 0.0
3196 0.0
3197 0.0
3198 0.0
3199 0.0
3200 0.0
3201 0.0
3202 0.0
3203 0.0
3204 0.0
3205 0.0
3206 0.0
3207 0.0
3208 0.0
3209 0.0
3210 0.0
3211 0.0
3212 0.0
3213 0.0
3214 0.0
3215 0.0
3216 0.0
3217 0.0
3218 0.0
3219 0.0
3220 0.0
3221 0.0
3222 0.0
3223 0.0
3224 0.0
3225 0.0
3226 0.0
3227 0.0
3228 0.0
3229 0.0
3230 0.0
3231 0.0
3232 0.0
3233 0.0
3234 0.0
3235 0.0
3236 0.0
3237 0.0
3238 0.0
3239 0.0
3240 0.0
3241 0.0
3242 0.0
3243 0.0
3244 0.0
3245 0.0
3246 0.0
3247 0.0
3248 0.0
3249 0.0
3250 0.0
3251 0.0
3252 0.0
3253 0.0
3254 0.0
3255 0.0
3256 0.0
3257 0.0
3258 0.0
3259 0.0
3260 0.0
3261 0.0
3262 0.0
3263 0.0
3264 0.0
3265 0.0
3266 0.0
3267 0.0
3268 0.0
3269 0.0
3270 0.0
3271 0.0
3272 0.0
3273 0.0
3274 0.0
3275 0.0
3276 0.0
3277 0.0
3278 0.0
3279 0.0
3280 0.0
3281 0.0
3282 0.0
3283 0.0
3284 0.0
3285 0.0
3286 0.0
3287 0.0
3288 0.0
3289 0.0
3290 0.0
3291 0.0
3292 0.0
3293 0.0
3294 0.0
3295 0.0
3296 0.0
3297 0.0
3298 0.0
3299 0.0
3300 0.0
3301 0.0
3302 0.0
3303 0.0
3304 0.0
3305 0.0
3306 0.0
3307 0.0
3308 0.0
3309 0.0
3310 0.0
3311 0.0
3312 0.0
3313 0.0
3314 0.0
3315 0.0
3316 0.0
3317 0.0
3318 0.0
3319 0.0
3320 0.0
3321 0.0
3322 0.0
3323 0.0
3324 0.0
3325 0.0
3326 0.0
3327 0.0
3328 0.0
3329 0.0
3330 0.0
3331 0.0
3332 0.0
3333 0.0
3334 0.0
3335 0.0
3336 0.0
3337 0.0
3338 0.0
3339 0.0
3340 0.0
3341 0.0
3342 0.0
3343 0.0
3344 0.0
3345 0.0
3346 0.0
3347 0.0
3348 0.0
3349 0.0
3350 0.0
3351 0.0
3352 0.0
3353 0.0
3354 0.0
3355 0.0
3356 0.0
3357 0.0
3358 0.0
3359 0.0
3360 0.0
3361 0.0
3362 0.0
3363 0.0
3364 0.0
3365 0.0
3366 0.0
3367 0.0
3368 0.0
3369 0.0
3370 0.0
3371 0.0
3372 0.0
3373 0.0
3374 0.0
3375 0.0
3376 0.0
3377 0.0
3378 0.0
3379 0.0
3380 0.0
3381 0.0
3382 0.0
3383 0.0
3384 0.0
3385 0.0
3386 0.0
3387 0.0
3388 0.0
3389 0.0
3390 0.0
3391 0.0
3392 0.0
3393 0.0
3394 0.0
3395 0.0
3396 0.0
3397 0.0
3398 0.0
3399 0.0
3400 0.0
3401 0.0
3402 0.0
3403 0.0
3404 0.0
3405 0.0
3406 0.0
3407 0.0
3408 0.0
3409 0.0
3410 0.0
3411 0.0
3412 0.0
3413 0.0
3414 0.0
3415 0.0
3416 0.0
3417 0.0
3418 0.0
3419 0.0
3420 0.0
3421 0.0
3422 0.0
3423 0.0
3424 0.0
3425 0.0
3426 0.0
3427 0.0
3428 0.0
3429 0.0
3430 0.0
3431 0.0
3432 0.0
3433 0.0
3434 0.0
3435 0.0
3436 0.0
3437 0.0
3438 0.0
3439 0.0
3440 0.0
3441 0.0
3442 0.0
3443 0.0
3444 0.0
3445 0.0
3446 0.0
3447 0.0
3448 0.0
3449 0.0
3450 0.0
3451 0.0
3452 0.0
3453 0.0
3454 0.0
3455 0.0
3456 0.0
3457 0.0
3458 0.0
3459 0.0
3460 0.0
3461 0.0
3462 0.0
3463 0.0
3464 0.0
3465 0.0
3466 0.0
3467 0.0
3468 0.0
3469 0.0
3470 0.0
3471 0.0
3472 0.0
3473 0.0
3474 0.0
3475 0.0
3476 0.0
3477 0.0
3478 0.0
3479 0.0
3480 0.0
3481 0.0
3482 0.0
3483 0.0
3484 0.0
3485 0.0
3486 0.0
3487 0.0
3488 0.0
3489 0.0
3490 0.0
3491 0.0
3492 0.0
3493 0.0
3494 0.0
3495 0.0
3496 0.0
3497 0.0
3498 0.0
3499 0.0
3500 0.0
3501 0.0
3502 0.0
3503 0.0
3504 0.0
3505 0.0
3506 0.0
3507 0.0
3508 0.0
3509 0.0
3510 0.0
3511 0.0
3512 0.0
3513 0.0
3514 0.0
3515 0.0
3516 0.0
3517 0.0
3518 0.0
3519 0.0
3520 0.0
3521 0.0
3522 0.0
3523 0.0
3524 0.0
3525 0.0
3526 0.0
3527 0.0
3528 0.0
3529 0.0
3530 0.0
3531 0.0
3532 0.0
3533 0.0
3534 0.0
3535 0.0
3536 0.0
3537 0.0
3538 0.0
3539 0.0
3540 0.0
3541 0.0
3542 0.0
3543 0.0
3544 0.0
3545 0.0
3546 0.0
3547 0.0
3548 0.0
3549 0.0
3550 0.0
3551 0.0
3552 0.0
3553 0.0
3554 0.0
3555 0.0
3556 0.0
3557 0.0
3558 0.0
3559 0.0
3560 0.0
3561 0.0
3562 0.0
3563 0.0
3564 0.0
3565 0.0
3566 0.0
3567 0.0
3568 0.0
3569 0.0
3570 0.0
3571 0.0
3572 0.0
3573 0.0
3574 0.0
3575 0.0
3576 0.0
3577 0.0
3578 0.0
3579 0.0
3580 0.0
3581 0.0
3582 0.0
3583 0.0
3584 0.0
3585 0.0
3586 0.0
3587 0.0
3588 0.0
3589 0.0
3590 0.0
3591 0.0
3592 0.0
3593 0.0
3594 0.0
3595 0.0
3596 0.0
3597 0.0
3598 0.0
3599 0.0
3600 0.0
3601 0.0
3602 0.0
3603 0.0
3604 0.0
3605 0.0
3606 0.0
3607 0.0
3608 0.0
3609 0.0
3610 0.0
3611 0.0
3612 0.0
3613 0.0
3614 0.0
3615 0.0
3616 0.0
3617 0.0
3618 0.0
3619 0.0
3620 0.0
3621 0.0
3622 0.0
3623 0.0
3624 0.0
3625 0.0
3626 0.0
3627 0.0
3628 0.0
3629 0.0
3630 0.0
3631 0.0
3632 0.0
3633 0.0
3634 0.0
3635 0.0
3636 0.0
3637 0.0
3638 0.0
3639 0.0
3640 0.0
3641 0.0
3642 0.0
3643 0.0
3644 0.0
3645 0.0
3646 0.0
3647 0.0
3648 0.0
3649 0.0
3650 0.0
3651 0.0
3652 0.0
3653 0.0
3654 0.0
3655 0.0
3656 0.0
3657 0.0
3658 0.0
3659 0.0
3660 0.0
3661 0.0
3662 0.0
3663 0.0
3664 0.0
3665 0.0
3666 0.0
3667 0.0
3668 0.0
3669 0.0
3670 0.0
3671 0.0
3672 0.0
3673 0.0
3674 0.0
3675 0.0
3676 0.0
3677 0.0
3678 0.0
3679 0.0
3680 0.0
3681 0.0
3682 0.0
3683 0.0
3684 0.0
3685 0.0
3686 0.0
3687 0.0
3688 0.0
3689 0.0
3690 0.0
3691 0.0
3692 0.0
3693 0.0
3694 0.0
3695 0.0
3696 0.0
3697 0.0
3698 0.0
3699 0.0
3700 0.0
3701 0.0
3702 0.0
3703 0.0
3704 0.0
3705 0.0
3706 0.0
3707 0.0
3708 0.0
3709 0.0
3710 0.0
3711 0.0
3712 0.0
3713 0.0
3714 0.0
3715 0.0
3716 0.0
3717 0.0
3718 0.0
3719 0.0
3720 0.0
3721 0.0
3722 0.0
3723 0.0
3724 0.0
3725 0.0
3726 0.0
3727 0.0
3728 0.0
3729 0.0
3730 0.0
3731 0.0
3732 0.0
3733 0.0
3734 0.0
3735 0.0
3736 0.0
3737 0.0
3738 0.0
3739 0.0
3740 0.0
3741 0.0
3742 0.0
3743 0.0
3744 0.0
3745 0.0
3746 0.0
3747 0.0
3748 0.0
3749 0.0
3750 0.0
3751 0.0
3752 0.0
3753 0.0
3754 0.0
3755 0.0
3756 0.0
3757 0.0
3758 0.0
3759 0.0
3760 0.0
3761 0.0
3762 0.0
3763 0.0
3764 0.0
3765 0.0
3766 0.0
3767 0.0
3768 0.0
3769 0.0
3770 0.0
3771 0.0
3772 0.0
3773 0.0
3774 0.0
3775 0.0
3776 0.0
3777 0.0
3778 0.0
3779 0.0
3780 0.0
3781 0.0
3782 0.0
3783 0.0
3784 0.0
3785 0.0
3786 0.0
3787 0.0
3788 0.0
3789 0.0
3790 0.0
3791 0.0
3792 0.0
3793 0.0
3794 0.0
3795 0.0
3796 0.0
3797 0.0
3798 0.0
3799 0.0
3800 0.0
3801 0.0
3802 0.0
3803 0.0
3804 0.0
3805 0.0
3806 0.0
3807 0.0
3808 0.0
3809 0.0
3810 0.0
3811 0.0
3812 0.0
3813 0.0
3814 0.0
3815 0.0
3816 0.0
3817 0.0
3818 0.0
3819 0.0
3820 0.0
3821 0.0
3822 0.0
3823 0.0
3824 0.0
3825 0.0
3826 0.0
3827 0.0
3828 0.0
3829 0.0
3830 0.0
3831 0.0
3832 0.0
3833 0.0
3834 0.0
3835 0.0
3836 0.0
3837 0.0
3838 0.0
3839 0.0
3840 0.0
3841 0.0
3842 0.0
3843 0.0
3844 0.0
3845 0.0
3846 0.0
3847 0.0
3848 0.0
3849 0.0
3850 0.0
3851 0.0
3852 0.0
3853 0.0
3854 0.0
3855 0.0
3856 0.0
3857 0.0
3858 0.0
3859 0.0
3860 0.0
3861 0.0
3862 0.0
3863 0.0
3864 0.0
3865 0.0
3866 0.0
3867 0.0
3868 0.0
3869 0.0
3870 0.0
3871 0.0
3872 0.0
3873 0.0
3874 0.0
3875 0.0
3876 0.0
3877 0.0
3878 0.0
3879 0.0
3880 0.0
3881 0.0
3882 0.0
3883 0.0
3884 0.0
3885 0.0
3886 0.0
3887 0.0
3888 0.0
3889 0.0
3890 0.0
3891 0.0
3892 0.0
3893 0.0
3894 0.0
3895 0.0
3896 0.0
3897 0.0
3898 0.0
3899 0.0
3900 0.0
3901 0.0
3902 0.0
3903 0.0
3904 0.0
3905 0.0
3906 0.0
3907 0.0
3908 0.0
3909 0.0
3910 0.0
3911 0.0
3912 0.0
3913 0.0
3914 0.0
3915 0.0
3916 0.0
3917 0.0
3918 0.0
3919 0.0
3920 0.0
3921 0.0
3922 0.0
3923 0.0
3924 0.0
3925 0.0
3926 0.0
3927 0.0
3928 0.0
3929 0.0
3930 0.0
3931 0.0
3932 0.0
3933 0.0
3934 0.0
3935 0.0
3936 0.0
3937 0.0
3938 0.0
3939 0.0
3940 0.0
3941 0.0
3942 0.0
3943 0.0
3944 0.0
3945 0.0
3946 0.0
3947 0.0
3948 0.0
3949 0.0
3950 0.0
3951 0.0
3952 0.0
3953 0.0
3954 0.0
3955 0.0
3956 0.0
3957 0.0
3958 0.0
3959 0.0
3960 0.0
3961 0.0
3962 0.0
3963 0.0
3964 0.0
3965 0.0
3966 0.0
3967 0.0
3968 0.0
3969 0.0
3970 0.0
3971 0.0
3972 0.0
3973 0.0
3974 0.0
3975 0.0
3976 0.0
3977 0.0
3978 0.0
3979 0.0
3980 0.0
3981 0.0
3982 0.0
3983 0.0
3984 0.0
3985 0.0
3986 0.0
3987 0.0
3988 0.0
3989 0.0
3990 0.0
3991 0.0
3992 0.0
3993 0.0
3994 0.0
3995 0.0
3996 0.0
3997 0.0
3998 0.0
3999 0.0
4000 0.0
4001 0.0
4002 0.0
4003 0.0
4004 0.0
4005 0.0
4006 0.0
4007 0.0
4008 0.0
4009 0.0
4010 0.0
4011 0.0
4012 0.0
4013 0.0
4014 0.0
4015 0.0
4016 0.0
4017 0.0
4018 0.0
4019 0.0
4020 0.0
4021 0.0
4022 0.0
4023 0.0
4024 0.0
4025 0.0
4026 0.0
4027 0.0
4028 0.0
4029 0.0
4030 0.0
4031 0.0
4032 0.0
4033 0.0
4034 0.0
4035 0.0
4036 0.0
4037 0.0
4038 0.0
4039 0.0
4040 0.0
4041 0.0
4042 0.0
4043 0.0
4044 0.0
4045 0.0
4046 0.0
4047 0.0
4048 0.0
4049 0.0
4050 0.0
4051 0.0
4052 0.0
4053 0.0
4054 0.0
4055 0.0
4056 0.0
4057 0.0
4058 0.0
4059 0.0
4060 0.0
4061 0.0
4062 0.0
4063 0.0
4064 0.0
4065 0.0
4066 0.0
4067 0.0
4068 0.0
4069 0.0
4070 0.0
4071 0.0
4072 0.0
4073 0.0
4074 0.0
4075 0.0
4076 0.0
4077 0.0
4078 0.0
4079 0.0
4080 0.0
4081 0.0
4082 0.0
4083 0.0
4084 0.0
4085 0.0
4086 0.0
4087 0.0
4088 0.0
4089 0.0
4090 0.0
4091 0.0
4092 0.0
4093 0.0
4094 0.0
4095 0.0
4096 0.0
4097 0.0
4098 0.0
4099 0.0
4100 0.0
4101 0.0
4102 0.0
4103 0.0
4104 0.0
4105 0.0
4106 0.0
4107 0.0
4108 0.0
4109 0.0
4110 0.0
4111 0.0
4112 0.0
4113 0.0
4114 0.0
4115 0.0
4116 0.0
4117 0.0
4118 0.0
4119 0.0
4120 0.0
4121 0.0
4122 0.0
4123 0.0
4124 0.0
4125 0.0
4126 0.0
4127 0.0
4128 0.0
4129 0.0
4130 0.0
4131 0.0
4132 0.0
4133 0.0
4134 0.0
4135 0.0
4136 0.0
4137 0.0
4138 0.0
4139 0.0
4140 0.0
4141 0.0
4142 0.0
4143 0.0
4144 0.0
4145 0.0
4146 0.0
4147 0.0
4148 0.0
4149 0.0
4150 0.0
4151 0.0
4152 0.0
4153 0.0
4154 0.0
4155 0.0
4156 0.0
4157 0.0
4158 0.0
4159 0.0
4160 0.0
4161 0.0
4162 0.0
4163 0.0
4164 0.0
4165 0.0
4166 0.0
4167 0.0
4168 0.0
4169 0.0
4170 0.0
4171 0.0
4172 0.0
4173 0.0
4174 0.0
4175 0.0
4176 0.0
4177 0.0
4178 0.0
4179 0.0
4180 0.0
4181 0.0
4182 0.0
4183 0.0
4184 0.0
4185 0.0
4186 0.0
4187 0.0
4188 0.0
4189 0.0
4190 0.0
4191 0.0
4192 0.0
4193 0.0
4194 0.0
4195 0.0
4196 0.0
4197 0.0
4198 0.0
4199 0.0
4200 0.0
4201 0.0
4202 0.0
4203 0.0
4204 0.0
4205 0.0
4206 0.0
4207 0.0
4208 0.0
4209 0.0
4210 0.0
4211 0.0
4212 0.0
4213 0.0
4214 0.0
4215 0.0
4216 0.0
4217 0.0
4218 0.0
4219 0.0
4220 0.0
4221 0.0
4222 0.0
4223 0.0
4224 0.0
4225 0.0
4226 0.0
4227 0.0
4228 0.0
4229 0.0
4230 0.0
4231 0.0
4232 0.0
4233 0.0
4234 0.0
4235 0.0
4236 0.0
4237 0.0
4238 0.0
4239 0.0
4240 0.0
4241 0.0
4242 0.0
4243 0.0
4244 0.0
4245 0.0
4246 0.0
4247 0.0
4248 0.0
4249 0.0
4250 0.0
4251 0.0
4252 0.0
4253 0.0
4254 0.0
4255 0.0
4256 0.0
4257 0.0
4258 0.0
4259 0.0
4260 0.0
4261 0.0
4262 0.0
4263 0.0
4264 0.0
4265 0.0
4266 0.0
4267 0.0
4268 0.0
4269 0.0
4270 0.0
4271 0.0
4272 0.0
4273 0.0
4274 0.0
4275 0.0
4276 0.0
4277 0.0
4278 0.0
4279 0.0
4280 0.0
4281 0.0
4282 0.0
4283 0.0
4284 0.0
4285 0.0
4286 0.0
4287 0.0
4288 0.0
4289 0.0
4290 0.0
4291 0.0
4292 0.0
4293 0.0
4294 0.0
4295 0.0
4296 0.0
4297 0.0
4298 0.0
4299 0.0
4300 0.0
4301 0.0
4302 0.0
4303 0.0
4304 0.0
4305 0.0
4306 0.0
4307 0.0
4308 0.0
4309 0.0
4310 0.0
4311 0.0
4312 0.0
4313 0.0
4314 0.0
4315 0.0
4316 0.0
4317 0.0
4318 0.0
4319 0.0
4320 0.0
4321 0.0
4322 0.0
4323 0.0
4324 0.0
4325 0.0
4326 0.0
4327 0.0
4328 0.0
4329 0.0
4330 0.0
4331 0.0
4332 0.0
4333 0.0
4334 0.0
4335 0.0
4336 0.0
4337 0.0
4338 0.0
4339 0.0
4340 0.0
4341 0.0
4342 0.0
4343 0.0
4344 0.0
4345 0.0
4346 0.0
4347 0.0
4348 0.0
4349 0.0
4350 0.0
4351 0.0
4352 0.0
4353 0.0
4354 0.0
4355 0.0
4356 0.0
4357 0.0
4358 0.0
4359 0.0
4360 0.0
4361 0.0
4362 0.0
4363 0.0
4364 0.0
4365 0.0
4366 0.0
4367 0.0
4368 0.0
4369 0.0
4370 0.0
4371 0.0
4372 0.0
4373 0.0
4374 0.0
4375 0.0
4376 0.0
4377 0.0
4378 0.0
4379 0.0
4380 0.0
4381 0.0
4382 0.0
4383 0.0
4384 0.0
4385 0.0
4386 0.0
4387 0.0
4388 0.0
4389 0.0
4390 0.0
4391 0.0
4392 0.0
4393 0.0
4394 0.0
4395 0.0
4396 0.0
4397 0.0
4398 0.0
4399 0.0
4400 0.0
4401 0.0
4402 0.0
4403 0.0
4404 0.0
4405 0.0
4406 0.0
4407 0.0
4408 0.0
4409 0.0
4410 0.0
4411 0.0
4412 0.0
4413 0.0
4414 0.0
4415 0.0
4416 0.0
4417 0.0
4418 0.0
4419 0.0
4420 0.0
4421 0.0
4422 0.0
4423 0.0
4424 0.0
4425 0.0
4426 0.0
4427 0.0
4428 0.0
4429 0.0
4430 0.0
4431 0.0
4432 0.0
4433 0.0
4434 0.0
4435 0.0
4436 0.0
4437 0.0
4438 0.0
4439 0.0
4440 0.0
4441 0.0
4442 0.0
4443 0.0
4444 0.0
4445 0.0
4446 0.0
4447 0.0
4448 0.0
4449 0.0
4450 0.0
4451 0.0
4452 0.0
4453 0.0
4454 0.0
4455 0.0
4456 0.0
4457 0.0
4458 0.0
4459 0.0
4460 0.0
4461 0.0
4462 0.0
4463 0.0
4464 0.0
4465 0.0
4466 0.0
4467 0.0
4468 0.0
4469 0.0
4470 0.0
4471 0.0
4472 0.0
4473 0.0
4474 0.0
4475 0.0
4476 0.0
4477 0.0
4478 0.0
4479 0.0
4480 0.0
4481 0.0
4482 0.0
4483 0.0
4484 0.0
4485 0.0
4486 0.0
4487 0.0
4488 0.0
4489 0.0
4490 0.0
4491 0.0
4492 0.0
4493 0.0
4494 0.0
4495 0.0
4496 0.0
4497 0.0
4498 0.0
4499 0.0
4500 0.0
4501 0.0
4502 0.0
4503 0.0
4504 0.0
4505 0.0
4506 0.0
4507 0.0
4508 0.0
4509 0.0
4510 0.0
4511 0.0
4512 0.0
4513 0.0
4514 0.0
4515 0.0
4516 0.0
4517 0.0
4518 0.0
4519 0.0
4520 0.0
4521 0.0
4522 0.0
4523 0.0
4524 0.0
4525 0.0
4526 0.0
4527 0.0
4528 0.0
4529 0.0
4530 0.0
4531 0.0
4532 0.0
4533 0.0
4534 0.0
4535 0.0
4536 0.0
4537 0.0
4538 0.0
4539 0.0
4540 0.0
4541 0.0
4542 0.0
4543 0.0
4544 0.0
4545 0.0
4546 0.0
4547 0.0
4548 0.0
4549 0.0
4550 0.0
4551 0.0
4552 0.0
4553 0.0
4554 0.0
4555 0.0
4556 0.0
4557 0.0
4558 0.0
4559 0.0
4560 0.0
4561 0.0
4562 0.0
4563 0.0
4564 0.0
4565 0.0
4566 0.0
4567 0.0
4568 0.0
4569 0.0
4570 0.0
4571 0.0
4572 0.0
4573 0.0
4574 0.0
4575 0.0
4576 0.0
4577 0.0
4578 0.0
4579 0.0
4580 0.0
4581 0.0
4582 0.0
4583 0.0
4584 0.0
4585 0.0
4586 0.0
4587 0.0
4588 0.0
4589 0.0
4590 0.0
4591 0.0
4592 0.0
4593 0.0
4594 0.0
4595 0.0
4596 0.0
4597 0.0
4598 0.0
4599 0.0
4600 0.0
4601 0.0
4602 0.0
4603 0.0
4604 0.0
4605 0.0
4606 0.0
4607 0.0
4608 0.0
4609 0.0
4610 0.0
4611 0.0
4612 0.0
4613 0.0
4614 0.0
4615 0.0
4616 0.0
4617 0.0
4618 0.0
4619 0.0
4620 0.0
4621 0.0
4622 0.0
4623 0.0
4624 0.0
4625 0.0
4626 0.0
4627 0.0
4628 0.0
4629 0.0
4630 0.0
4631 0.0
4632 0.0
4633 0.0
4634 0.0
4635 0.0
4636 0.0
4637 0.0
4638 0.0
4639 0.0
4640 0.0
4641 0.0
4642 0.0
4643 0.0
4644 0.0
4645 0.0
4646 0.0
4647 0.0
4648 0.0
4649 0.0
4650 0.0
4651 0.0
4652 0.0
4653 0.0
4654 0.0
4655 0.0
4656 0.0
4657 0.0
4658 0.0
4659 0.0
4660 0.0
4661 0.0
4662 0.0
4663 0.0
4664 0.0
4665 0.0
4666 0.0
4667 0.0
4668 0.0
4669 0.0
4670 0.0
4671 0.0
4672 0.0
4673 0.0
4674 0.0
4675 0.0
4676 0.0
4677 0.0
4678 0.0
4679 0.0
4680 0.0
4681 0.0
4682 0.0
4683 0.0
4684 0.0
4685 0.0
4686 0.0
4687 0.0
4688 0.0
4689 0.0
4690 0.0
4691 0.0
4692 0.0
4693 0.0
4694 0.0
4695 0.0
4696 0.0
4697 0.0
4698 0.0
4699 0.0
4700 0.0
4701 0.0
4702 0.0
4703 0.0
4704 0.0
4705 0.0
4706 0.0
4707 0.0
4708 0.0
4709 0.0
4710 0.0
4711 0.0
4712 0.0
4713 0.0
4714 0.0
4715 0.0
4716 0.0
4717 0.0
4718 0.0
4719 0.0
4720 0.0
4721 0.0
4722 0.0
4723 0.0
4724 0.0
4725 0.0
4726 0.0
4727 0.0
4728 0.0
4729 0.0
4730 0.0
4731 0.0
4732 0.0
4733 0.0
4734 0.0
4735 0.0
4736 0.0
4737 0.0
4738 0.0
4739 0.0
4740 0.0
4741 0.0
4742 0.0
4743 0.0
4744 0.0
4745 0.0
4746 0.0
4747 0.0
4748 0.0
4749 0.0
4750 0.0
4751 0.0
4752 0.0
4753 0.0
4754 0.0
4755 0.0
4756 0.0
4757 0.0
4758 0.0
4759 0.0
4760 0.0
4761 0.0
4762 0.0
4763 0.0
4764 0.0
4765 0.0
4766 0.0
4767 0.0
4768 0.0
4769 0.0
4770 0.0
4771 0.0
4772 0.0
4773 0.0
4774 0.0
4775 0.0
4776 0.0
4777 0.0
4778 0.0
4779 0.0
4780 0.0
4781 0.0
4782 0.0
4783 0.0
4784 0.0
4785 0.0
4786 0.0
4787 0.0
4788 0.0
4789 0.0
4790 0.0
4791 0.0
4792 0.0
4793 0.0
4794 0.0
4795 0.0
4796 0.0
4797 0.0
4798 0.0
4799 0.0
4800 0.0
4801 0.0
4802 0.0
4803 0.0
4804 0.0
4805 0.0
4806 0.0
4807 0.0
4808 0.0
4809 0.0
4810 0.0
4811 0.0
4812 0.0
4813 0.0
4814 0.0
4815 0.0
4816 0.0
4817 0.0
4818 0.0
4819 0.0
4820 0.0
4821 0.0
4822 0.0
4823 0.0
4824 0.0
4825 0.0
4826 0.0
4827 0.0
4828 0.0
4829 0.0
4830 0.0
4831 0.0
4832 0.0
4833 0.0
4834 0.0
4835 0.0
4836 0.0
4837 0.0
4838 0.0
4839 0.0
4840 0.0
4841 0.0
4842 0.0
4843 0.0
4844 0.0
4845 0.0
4846 0.0
4847 0.0
4848 0.0
4849 0.0
4850 0.0
4851 0.0
4852 0.0
4853 0.0
4854 0.0
4855 0.0
4856 0.0
4857 0.0
4858 0.0
4859 0.0
4860 0.0
4861 0.0
4862 0.0
4863 0.0
4864 0.0
4865 0.0
4866 0.0
4867 0.0
4868 0.0
4869 0.0
4870 0.0
4871 0.0
4872 0.0
4873 0.0
4874 0.0
4875 0.0
4876 0.0
4877 0.0
4878 0.0
4879 0.0
4880 0.0
4881 0.0
4882 0.0
4883 0.0
4884 0.0
4885 0.0
4886 0.0
4887 0.0
4888 0.0
4889 0.0
4890 0.0
4891 0.0
4892 0.0
4893 0.0
4894 0.0
4895 0.0
4896 0.0
4897 0.0
4898 0.0
4899 0.0
4900 0.0
4901 0.0
4902 0.0
4903 0.0
4904 0.0
4905 0.0
4906 0.0
4907 0.0
4908 0.0
4909 0.0
4910 0.0
4911 0.0
4912 0.0
4913 0.0
4914 0.0
4915 0.0
4916 0.0
4917 0.0
4918 0.0
4919 0.0
4920 0.0
4921 0.0
4922 0.0
4923 0.0
4924 0.0
4925 0.0
4926 0.0
4927 0.0
4928 0.0
4929 0.0
4930 0.0
4931 0.0
4932 0.0
4933 0.0
4934 0.0
4935 0.0
4936 0.0
4937 0.0
4938 0.0
4939 0.0
4940 0.0
4941 0.0
4942 0.0
4943 0.0
4944 0.0
4945 0.0
4946 0.0
4947 0.0
4948 0.0
4949 0.0
4950 0.0
4951 0.0
4952 0.0
4953 0.0
4954 0.0
4955 0.0
4956 0.0
4957 0.0
4958 0.0
4959 0.0
4960 0.0
4961 0.0
4962 0.0
4963 0.0
4964 0.0
4965 0.0
4966 0.0
4967 0.0
4968 0.0
4969 0.0
4970 0.0
4971 0.0
4972 0.0
4973 0.0
4974 0.0
4975 0.0
4976 0.0
4977 0.0
4978 0.0
4979 0.0
4980 0.0
4981 0.0
4982 0.0
4983 0.0
4984 0.0
4985 0.0
4986 0.0
4987 0.0
4988 0.0
4989 0.0
4990 0.0
4991 0.0
4992 0.0
4993 0.0
4994 0.0
4995 0.0
4996 0.0
4997 0.0
4998 0.0
4999 0.0
